5
0.15 0.10 0.05 0.10 0.20
0.05 0.10 0.05 0.05 0.05 0.10
9
0.04 0.06 0.08 0.02 0.10 0.08 0.04 0.07 0.07
0.02 0.04 0.06 0.03 0.03 0.06 0.05 0.05 0.05 0.05
13
0.14 0.03 0.08 0.12 0.05 0.06 0.01 0.01 0.04 0.04 0.02 0.05 0.14 
0.01 0.02 0.02 0.02 0.014 0.023 0.006 0.017 0.017 0.012 0.014 0.0027 0.0033 0.031
17
0.199 0.108 0.107 0.047 0.082 0.073 0.058 0.043 0.041 0.016 0.012 0.028 0.025 0.032 0.025 0.005 0.01
0.012 0.003 0.002 0.013 0.001 0.009 0.01 0.003 0.004 0.006 0.004 0.002 0.003 0.003 0.005 0.003 0.002 0.004
21
0.024 0.102 0.09 0.084 0.036 0.086 0.082 0.05 0.052 0.053 0.042 0.043 0.023 0.002 0.024 0.029 0.034 0.018 0.005 0.016 0.005
0.01 0.001 0.001 0.009 0.011 0.013 0.002 0.002 0.003 0.01 0.006 0.003 0.003 0.005 0.001 0.001 0.003 0.001 0.002 0.001 0.002 0.01