4
4
5
8
16
21
22
27
27
29
30
39
41
44
52
53
55
58
60
61
65
74
77
81
82
83
83
87
87
90
102
104
105
108
109
115
117
124
124
126
129
130
131
139
145
151
154
155
169
171
177
178
182
182
193
194
203
205
205
207
210
214
217
222
223
231
236
238
238
240
246
248
251
252
252
257
257
261
261
263
264
267
267
271
275
277
288
294
294
298
306
307
316
318
318
320
324
326
329
330
332
336
337
341
343
346
352
354
357
359
362
364
374
378
380
384
387
404
405
407
410
413
420
421
426
427
427
433
433
437
440
443
447
448
451
453
460
461
462
466
468
472
473
475
482
495
495
496
499
502
503
506
507
508
514
522
523
528
534
534
535
540
541
543
551
557
560
560
561
561
566
582
584
588
589
597
598
598
613
633
637
642
643
645
671
676
683
684
690
696
700
703
705
714
714
715
720
724
725
727
729
730
736
737
738
743
752
754
755
755
755
756
760
768
775
780
789
791
794
798
799
803
804
806
812
813
816
822
822
826
836
838
838
840
842
847
847
854
860
861
871
871
892
893
899
902
902
905
912
914
925
926
928
931
933
933
933
936
941
943
949
954
955
961
962
964
969
972
973
974
977
980
1006
1008
1011
1011
1013
1013
1022
1025
1029
1033
1034
1035
1038
1039
1053
1057
1060
1068
1080
1084
1089
1091
1096
1097
1100
1101
1102
1108
1108
1113
1119
1127
1128
1131
1136
1137
1137
1138
1138
1138
1145
1146
1150
1154
1155
1158
1160
1166
1166
1171
1174
1176
1181
1185
1185
1189
1192
1199
1200
1203
1203
1204
1206
1213
1213
1214
1223
1229
1234
1239
1240
1244
1245
1246
1248
1256
1265
1267
1275
1279
1282
1289
1292
1302
1303
1312
1315
1321
1333
1334
1337
1337
1340
1347
1348
1358
1359
1362
1366
1366
1370
1380
1384
1385
1389
1389
1391
1399
1405
1406
1409
1410
1415
1416
1418
1420
1422
1424
1434
1435
1439
1442
1442
1445
1446
1453
1453
1454
1460
1461
1464
1465
1469
1469
1473
1487
1489
1492
1493
1494
1499
1508
1510
1519
1520
1522
1522
1529
1529
1529
1537
1540
1541
1549
1549
1549
1552
1557
1561
1570
1572
1575
1581
1582
1584
1588
1596
1596
1596
1601
1604
1608
1611
1615
1622
1630
1635
1642
1649
1651
1659
1669
1675
1675
1676
1679
1682
1682
1683
1687
1691
1695
1696
1701
1711
1715
1720
1729
1734
1745
1754
1755
1759
1760
1761
1767
1769
1781
1784
1787
1788
1789
1790
1796
1807
1810
1811
1813
1816
1824
1829
1833
1843
1847
1850
1852
1854
1854
1858
1865
1871
1876
1878
1879
1883
1896
1898
1907
1908
1910
1911
1912
1914
1915
1921
1929
1938
1946
1947
1949
1954
1956
1956
1957
1961
1965
1980
1983
1988
1990
1991
1992
1997
1999
2000
2001
2003
2004
2011
2011
2013
2023
2025
2027
2030
2032
2039
2043
2044
2047
2048
2048
2052
2052
2053
2053
2061
2066
2071
2077
2083
2085
2091
2091
2094
2096
2099
2105
2113
2115
2118
2119
2121
2123
2125
2125
2127
2144
2152
2156
2171
2171
2171
2172
2174
2178
2180
2187
2188
2189
2189
2191
2199
2201
2208
2214
2216
2217
2237
2238
2242
2245
2250
2253
2257
2257
2268
2269
2270
2280
2280
2282
2284
2289
2291
2294
2295
2296
2299
2309
2315
2319
2322
2329
2332
2333
2340
2345
2350
2352
2356
2359
2371
2372
2388
2388
2390
2391
2392
2394
2421
2423
2423
2426
2428
2432
2437
2440
2449
2451
2455
2457
2462
2466
2467
2482
2497
2497
2499
2506
2512
2517
2522
2523
2524
2531
2537
2539
2541
2548
2555
2556
2556
2561
2566
2567
2569
2577
2578
2579
2594
2600
2604
2605
2611
2613
2614
2618
2621
2621
2627
2627
2630
2633
2636
2643
2643
2644
2645
2649
2654
2654
2658
2669
2670
2673
2679
2684
2687
2688
2691
2694
2696
2700
2703
2708
2709
2711
2714
2716
2721
2726
2727
2732
2733
2733
2736
2745
2746
2746
2756
2756
2759
2760
2763
2763
2779
2780
2789
2794
2795
2800
2801
2806
2814
2817
2818
2822
2828
2830
2831
2836
2842
2846
2850
2853
2859
2860
2864
2867
2870
2872
2872
2876
2879
2881
2885
2886
2888
2890
2900
2903
2906
2908
2912
2914
2920
2923
2942
2944
2950
2952
2952
2953
2955
2955
2964
2965
2967
2967
2969
2978
2979
2981
2981
2986
2989
3000
3000
3002
3003
3008
3016
3018
3020
3023
3028
3031
3037
3040
3040
3041
3048
3061
3062
3063
3065
3070
3075
3086
3088
3088
3110
3115
3120
3124
3124
3124
3125
3132
3133
3134
3135
3137
3138
3142
3148
3153
3158
3161
3163
3164
3168
3169
3181
3181
3183
3187
3190
3197
3198
3199
3201
3202
3205
3210
3210
3213
3218
3219
3222
3223
3224
3225
3229
3231
3235
3236
3240
3250
3253
3260
3271
3275
3284
3287
3291
3293
3299
3299
3304
3304
3304
3305
3305
3306
3306
3317
3318
3323
3324
3325
3338
3339
3346
3353
3355
3355
3360
3360
3360
3360
3360
3361
3362
3365
3366
3368
3369
3372
3375
3382
3391
3394
3396
3396
3396
3412
3414
3416
3419
3419
3428
3431
3433
3434
3437
3439
3445
3446
3452
3455
3461
3461
3465
3465
3466
3466
3469
3479
3479
3480
3482
3484
3500
3501
3504
3513
3528
3529
3529
3532
3542
3544
3545
3548
3556
3558
3560
3563
3567
3571
3573
3575
3577
3577
3583
3585
3588
3590
3592
3592
3596
3599
3604
3604
3606
3626
3629
3634
3635
3637
3643
3655
3662
3663
3667
3667
3676
3678
3680
3690
3690
3696
3705
3707
3708
3718
3724
3726
3734
3746
3756
3756
3758
3760
3764
3778
3781
3794
3795
3797
3801
3801
3807
3814
3816
3833
3834
3834
3834
3838
3839
3846
3849
3855
3868
3885
3888
3889
3892
3893
3901
3907
3908
3911
3915
3922
3923
3929
3938
3941
3946
3963
3967
3981
3982
3989
3990
3991
3993
4006
4010
4012
4014
4018
4029
4031
4034
4035
4037
4040
4048
4076
4083
4084
4085
4088
4093
4103
4110
4115
4117
4117
4124
4125
4129
4130
4131
4134
4138
4143
4151
4152
4156
4156
4160
4166
4168
4170
4171
4179
4179
4184
4185
4194
4196
4203
4204
4211
4219
4229
4230
4232
4237
4237
4238
4238
4238
4244
4247
4254
4257
4259
4259
4264
4274
4277
4278
4280
4282
4284
4285
4287
4293
4297
4298
4300
4302
4303
4317
4323
4340
4343
4343
4354
4359
4364
4366
4368
4369
4373
4375
4379
4379
4390
4394
4395
4398
4400
4402
4410
4411
4414
4414
4420
4429
4436
4444
4444
4444
4447
4449
4470
4488
4488
4493
4495
4495
4496
4498
4499
4503
4511
4527
4530
4530
4536
4561
4567
4571
4574
4579
4586
4588
4595
4608
4616
4620
4627
4628
4632
4646
4653
4656
4657
4658
4660
4664
4675
4677
4677
4686
4694
4695
4698
4706
4708
4708
4720
4730
4732
4741
4751
4755
4765
4765
4766
4770
4774
4776
4786
4791
4792
4795
4797
4804
4805
4810
4810
4811
4822
4823
4823
4826
4835
4835
4837
4844
4845
4848
4860
4865
4867
4868
4879
4883
4884
4884
4901
4905
4910
4912
4922
4926
4928
4929
4941
4947
4949
4955
4968
4970
4972
4976
4977
4978
4979
4982
4982
4991
4994
4998
5001
5002
5002
5003
5004
5004
5006
5011
5011
5011
5012
5019
5023
5024
5026
5028
5033
5058
5061
5069
5083
5088
5089
5091
5091
5096
5107
5111
5112
5118
5122
5131
5135
5136
5139
5141
5149
5150
5157
5159
5160
5170
5171
5171
5172
5173
5174
5177
5187
5197
5208
5208
5208
5211
5215
5220
5220
5226
5226
5231
5231
5237
5241
5241
5242
5246
5248
5256
5258
5269
5269
5278
5282
5283
5284
5284
5284
5286
5287
5298
5308
5311
5312
5314
5318
5328
5330
5331
5333
5336
5346
5347
5348
5348
5351
5352
5353
5356
5363
5366
5369
5379
5383
5384
5394
5402
5412
5419
5425
5427
5433
5442
5445
5445
5445
5453
5461
5472
5480
5480
5483
5483
5486
5502
5507
5508
5512
5514
5520
5522
5522
5525
5526
5528
5543
5547
5552
5555
5557
5557
5559
5576
5578
5588
5588
5589
5600
5602
5607
5615
5618
5618
5620
5626
5627
5630
5633
5635
5640
5640
5647
5648
5653
5664
5671
5671
5675
5692
5695
5702
5706
5708
5721
5724
5726
5727
5730
5741
5748
5749
5754
5755
5756
5759
5765
5780
5784
5789
5794
5794
5795
5800
5801
5807
5812
5814
5820
5821
5827
5828
5838
5843
5850
5850
5854
5873
5878
5884
5885
5886
5887
5891
5899
5908
5908
5910
5910
5913
5917
5918
5920
5920
5927
5927
5938
5941
5943
5949
5950
5952
5959
5969
5971
5974
5982
5992
5993
5996
5998
6001
6002
6002
6006
6008
6010
6022
6025
6029
6033
6038
6046
6049
6051
6053
6063
6068
6072
6072
6077
6078
6079
6081
6084
6086
6102
6110
6111
6116
6119
6121
6122
6125
6125
6135
6143
6145
6148
6148
6156
6158
6160
6179
6181
6184
6190
6193
6196
6206
6219
6222
6225
6236
6236
6249
6254
6255
6261
6272
6274
6288
6292
6293
6294
6296
6308
6316
6318
6319
6320
6321
6323
6328
6329
6337
6340
6341
6362
6365
6371
6386
6387
6390
6395
6400
6400
6410
6410
6412
6420
6426
6430
6431
6432
6440
6446
6449
6456
6458
6460
6461
6465
6470
6472
6473
6475
6481
6504
6509
6509
6515
6516
6523
6532
6536
6537
6557
6557
6559
6559
6562
6564
6566
6568
6568
6570
6574
6578
6580
6586
6590
6593
6602
6603
6604
6608
6609
6625
6628
6633
6635
6644
6644
6646
6662
6664
6667
6667
6668
6674
6676
6677
6680
6685
6686
6690
6690
6695
6698
6699
6704
6706
6708
6727
6734
6735
6735
6737
6737
6749
6750
6751
6752
6759
6760
6761
6762
6767
6768
6775
6780
6780
6781
6783
6792
6804
6804
6810
6810
6810
6814
6817
6821
6822
6827
6831
6831
6845
6845
6850
6858
6862
6869
6873
6881
6896
6896
6897
6899
6901
6901
6905
6910
6912
6914
6914
6917
6924
6931
6940
6946
6949
6951
6953
6956
6967
6967
6968
6971
6973
6975
6977
6979
6979
6980
6981
6985
6987
6990
6992
6996
7004
7013
7013
7014
7015
7018
7038
7040
7044
7049
7051
7057
7057
7061
7062
7063
7065
7077
7087
7091
7092
7095
7096
7099
7106
7110
7118
7122
7124
7138
7138
7140
7144
7146
7146
7149
7155
7157
7158
7162
7168
7172
7177
7180
7181
7185
7185
7188
7188
7189
7193
7195
7199
7200
7202
7210
7211
7211
7216
7220
7220
7227
7229
7230
7230
7233
7240
7244
7246
7252
7253
7254
7259
7259
7265
7273
7286
7287
7293
7300
7301
7310
7310
7316
7317
7318
7321
7326
7328
7332
7335
7338
7339
7341
7343
7349
7351
7353
7356
7361
7364
7366
7370
7371
7372
7373
7381
7382
7397
7399
7399
7401
7404
7404
7410
7413
7417
7431
7433
7434
7438
7439
7455
7467
7484
7487
7491
7498
7524
7531
7536
7542
7542
7544
7544
7545
7546
7550
7558
7559
7561
7568
7578
7584
7584
7588
7596
7598
7609
7613
7614
7620
7620
7622
7623
7628
7632
7638
7639
7643
7649
7652
7652
7655
7657
7659
7661
7663
7672
7672
7678
7679
7682
7691
7697
7714
7719
7720
7724
7728
7732
7733
7737
7740
7742
7748
7762
7767
7767
7775
7779
7783
7789
7790
7792
7796
7804
7805
7806
7807
7810
7812
7814
7820
7824
7829
7834
7839
7845
7857
7857
7858
7863
7865
7868
7873
7878
7878
7882
7885
7886
7886
7888
7895
7897
7898
7920
7926
7929
7929
7935
7941
7946
7953
7954
7962
7968
7970
7973
7984
7994
7995
8000
8002
8010
8021
8021
8024
8027
8028
8041
8041
8054
8055
8057
8067
8068
8069
8071
8073
8076
8077
8080
8080
8081
8087
8088
8089
8094
8095
8099
8101
8109
8110
8116
8123
8126
8129
8132
8141
8147
8149
8155
8158
8169
8173
8174
8177
8179
8180
8180
8181
8189
8199
8205
8209
8212
8214
8218
8230
8232
8236
8238
8242
8243
8246
8247
8252
8257
8259
8259
8260
8263
8264
8269
8283
8284
8287
8287
8290
8295
8296
8303
8304
8307
8309
8310
8313
8314
8315
8320
8321
8334
8344
8348
8353
8355
8361
8366
8369
8374
8387
8387
8391
8401
8407
8409
8426
8428
8429
8433
8435
8440
8447
8452
8452
8454
8463
8463
8465
8466
8467
8470
8476
8477
8478
8479
8479
8486
8487
8493
8500
8501
8506
8516
8525
8535
8544
8550
8550
8553
8560
8564
8571
8574
8577
8581
8582
8587
8587
8598
8603
8606
8607
8608
8609
8613
8621
8626
8628
8635
8640
8641
8649
8653
8660
8670
8676
8677
8678
8681
8690
8692
8692
8693
8697
8698
8699
8700
8704
8705
8707
8710
8712
8714
8714
8720
8725
8725
8739
8742
8752
8757
8758
8760
8762
8763
8765
8765
8775
8777
8778
8787
8788
8795
8797
8797
8798
8803
8806
8806
8808
8810
8812
8812
8816
8819
8824
8832
8836
8838
8847
8850
8860
8861
8864
8867
8868
8875
8883
8890
8892
8895
8895
8914
8916
8923
8929
8936
8942
8951
8962
8963
8963
8969
8969
8972
8979
8980
8981
8985
8999
9003
9013
9021
9021
9022
9024
9024
9029
9033
9036
9037
9037
9043
9059
9070
9071
9075
9077
9079
9091
9092
9104
9108
9117
9118
9121
9121
9135
9135
9137
9137
9139
9140
9145
9149
9161
9169
9175
9175
9181
9190
9190
9190
9196
9206
9211
9214
9224
9230
9234
9236
9237
9238
9239
9244
9250
9254
9260
9261
9272
9283
9283
9284
9286
9291
9297
9302
9303
9307
9307
9307
9314
9317
9317
9333
9334
9346
9349
9351
9358
9360
9367
9371
9386
9387
9390
9396
9397
9413
9420
9422
9423
9434
9437
9439
9439
9448
9450
9452
9453
9460
9463
9464
9465
9467
9471
9471
9474
9476
9476
9478
9483
9484
9485
9494
9495
9501
9503
9517
9539
9542
9544
9549
9553
9555
9557
9558
9565
9567
9569
9574
9581
9583
9584
9584
9588
9591
9591
9592
9597
9607
9610
9619
9621
9622
9623
9628
9629
9629
9649
9651
9653
9659
9663
9664
9668
9677
9680
9680
9688
9689
9690
9691
9692
9698
9708
9709
9709
9714
9714
9731
9734
9740
9744
9746
9748
9751
9769
9771
9773
9773
9780
9782
9785
9788
9789
9792
9793
9794
9794
9796
9797
9798
9811
9813
9817
9817
9822
9822
9826
9826
9829
9831
9831
9833
9837
9837
9842
9852
9852
9853
9853
9855
9860
9865
9866
9867
9868
9871
9873
9873
9879
9886
9889
9902
9905
9905
9908
9910
9912
9922
9931
9933
9934
9936
9939
9940
9942
9951
9956
9959
9961
9969
9974
9981
9982
9990
9993
9996
10000
10001
10007
10010
10011
10014
10016
10016
10021
10022
10023
10031
10034
10037
10038
10040
10049
10054
10056
10056
10058
10074
10076
10080
10086
10087
10089
10092
10104
10106
10113
10115
10127
10130
10130
10132
10133
10134
10136
10146
10147
10147
10147
10151
10153
10153
10162
10162
10164
10167
10170
10173
10176
10178
10192
10195
10212
10215
10219
10220
10224
10235
10239
10246
10251
10262
10264
10267
10267
10268
10275
10276
10278
10281
10285
10286
10287
10288
10288
10288
10293
10296
10306
10307
10307
10310
10314
10319
10325
10337
10341
10345
10350
10367
10368
10373
10379
10381
10384
10389
10392
10393
10397
10401
10408
10415
10421
10422
10423
10425
10428
10438
10440
10449
10453
10461
10463
10468
10468
10471
10475
10478
10478
10479
10484
10486
10487
10490
10498
10499
10501
10505
10512
10527
10531
10534
10537
10537
10540
10540
10546
10547
10552
10570
10571
10575
10576
10579
10586
10591
10593
10598
10601
10606
10608
10612
10619
10622
10623
10626
10632
10640
10641
10646
10648
10650
10671
10674
10680
10680
10682
10683
10689
10690
10703
10703
10705
10708
10711
10713
10714
10719
10726
10730
10738
10739
10742
10745
10746
10750
10750
10752
10752
10758
10762
10763
10767
10776
10780
10781
10781
10781
10788
10800
10809
10811
10811
10820
10821
10826
10828
10835
10835
10836
10837
10837
10843
10852
10861
10867
10873
10874
10874
10876
10877
10879
10890
10893
10895
10895
10895
10896
10897
10898
10904
10909
10911
10913
10918
10924
10925
10926
10926
10935
10936
10938
10943
10959
10965
10966
10981
10982
10984
10985
10995
10995
11007
11007
11012
11015
11015
11018
11038
11040
11040
11045
11051
11052
11065
11066
11070
11070
11070
11075
11075
11076
11078
11079
11092
11094
11097
11103
11104
11106
11113
11113
11116
11128
11144
11156
11156
11158
11169
11172
11174
11177
11181
11183
11185
11186
11190
11199
11200
11201
11205
11208
11208
11235
11235
11236
11243
11244
11252
11252
11255
11257
11260
11262
11278
11283
11295
11298
11300
11304
11310
11312
11314
11316
11318
11326
11328
11328
11328
11330
11332
11332
11335
11337
11339
11341
11343
11345
11351
11355
11355
11359
11363
11364
11368
11369
11377
11379
11384
11388
11394
11401
11406
11408
11412
11413
11423
11425
11427
11433
11437
11440
11448
11449
11449
11462
11462
11468
11468
11472
11476
11477
11482
11485
11491
11496
11498
11498
11498
11500
11502
11503
11513
11517
11526
11528
11530
11532
11533
11535
11540
11545
11547
11547
11547
11555
11560
11561
11569
11580
11588
11600
11608
11614
11618
11621
11626
11632
11635
11654
11656
11662
11670
11670
11675
11685
11685
11685
11686
11687
11688
11689
11696
11706
11706
11712
11720
11727
11732
11737
11741
11743
11759
11761
11763
11766
11768
11770
11771
11773
11781
11784
11785
11788
11795
11795
11797
11798
11799
11802
11811
11817
11826
11831
11832
11835
11836
11839
11843
11858
11859
11863
11868
11879
11886
11890
11891
11896
11897
11898
11903
11903
11904
11906
11911
11913
11919
11922
11924
11929
11931
11933
11933
11935
11936
11937
11939
11946
11947
11949
11951
11951
11955
11964
11966
11966
11972
11976
11984
11990
11992
11992
11994
12003
12004
12010
12014
12016
12016
12017
12023
12025
12029
12033
12036
12037
12039
12043
12052
12056
12069
12069
12081
12082
12085
12090
12095
12097
12097
12097
12099
12099
12100
12101
12107
12117
12117
12117
12119
12121
12122
12127
12128
12132
12133
12142
12148
12153
12161
12162
12162
12164
12171
12173
12173
12176
12177
12184
12186
12190
12194
12207
12210
12214
12214
12219
12219
12222
12231
12232
12238
12238
12239
12243
12245
12248
12253
12259
12259
12267
12268
12269
12269
12272
12274
12282
12282
12285
12289
12291
12293
12296
12297
12299
12310
12318
12323
12325
12334
12336
12338
12342
12347
12353
12353
12354
12356
12357
12362
12365
12371
12373
12376
12378
12390
12396
12399
12399
12400
12405
12408
12409
12413
12414
12424
12424
12430
12431
12442
12444
12450
12456
12459
12461
12465
12466
12470
12477
12488
12493
12497
12499
12500
12501
12504
12505
12514
12518
12519
12523
12534
12535
12538
12541
12548
12558
12559
12561
12565
12568
12581
12583
12584
12584
12586
12589
12595
12597
12597
12605
12607
12610
12616
12619
12633
12634
12637
12639
12641
12645
12653
12656
12663
12664
12673
12674
12676
12678
12678
12686
12688
12688
12690
12690
12692
12695
12696
12699
12701
12705
12708
12711
12712
12713
12715
12720
12723
12730
12734
12739
12744
12745
12751
12753
12755
12758
12764
12768
12773
12776
12776
12782
12783
12785
12785
12794
12796
12796
12800
12804
12804
12805
12809
12819
12825
12826
12826
12829
12829
12832
12832
12835
12836
12837
12837
12839
12856
12859
12861
12866
12870
12878
12881
12882
12883
12884
12887
12888
12889
12893
12893
12902
12907
12908
12911
12922
12927
12932
12933
12940
12953
12959
12963
12968
12971
12973
12973
12976
12976
12977
12978
12981
12981
12983
12988
12994
13005
13005
13006
13020
13022
13030
13039
13040
13041
13046
13049
13050
13054
13058
13072
13073
13087
13089
13092
13097
13102
13103
13105
13112
13114
13121
13121
13125
13126
13127
13128
13128
13139
13140
13140
13140
13145
13151
13152
13157
13160
13163
13163
13164
13167
13172
13175
13177
13178
13181
13182
13195
13199
13202
13203
13213
13215
13216
13218
13222
13227
13229
13231
13238
13249
13250
13254
13256
13262
13262
13265
13273
13275
13277
13281
13287
13296
13298
13302
13303
13313
13316
13318
13320
13322
13327
13327
13329
13333
13335
13345
13357
13365
13366
13368
13368
13373
13375
13376
13388
13388
13389
13394
13399
13399
13402
13405
13408
13420
13422
13425
13428
13429
13429
13430
13451
13455
13455
13456
13459
13460
13461
13463
13468
13472
13478
13485
13490
13503
13510
13511
13522
13522
13529
13531
13534
13536
13541
13542
13552
13558
13562
13565
13572
13573
13580
13582
13586
13590
13591
13592
13593
13605
13605
13606
13621
13628
13629
13634
13640
13644
13650
13651
13653
13662
13662
13665
13672
13674
13689
13694
13701
13702
13702
13703
13704
13715
13719
13731
13736
13739
13745
13749
13749
13749
13753
13757
13758
13767
13771
13772
13781
13801
13803
13806
13808
13814
13821
13822
13823
13826
13835
13841
13841
13851
13852
13856
13859
13861
13863
13872
13874
13877
13880
13881
13894
13902
13903
13905
13907
13909
13912
13917
13921
13924
13926
13931
13934
13934
13935
13939
13944
13953
13956
13962
13963
13968
13973
13977
13988
13989
13991
13993
13994
14010
14014
14015
14015
14016
14017
14019
14029
14032
14038
14049
14052
14053
14056
14061
14064
14065
14070
14072
14082
14090
14093
14095
14099
14099
14100
14114
14114
14118
14120
14122
14126
14140
14141
14146
14149
14150
14154
14158
14158
14162
14172
14180
14182
14183
14192
14202
14205
14210
14213
14220
14221
14228
14233
14245
14247
14248
14251
14251
14253
14255
14255
14260
14264
14265
14267
14268
14279
14296
14298
14306
14313
14314
14331
14335
14337
14338
14339
14340
14340
14346
14347
14352
14356
14363
14370
14378
14382
14388
14389
14394
14400
14400
14403
14406
14411
14415
14417
14417
14420
14420
14423
14424
14428
14434
14435
14440
14440
14441
14448
14448
14450
14453
14458
14463
14468
14470
14470
14474
14477
14479
14480
14483
14484
14499
14501
14507
14514
14520
14522
14534
14535
14542
14545
14548
14552
14557
14558
14565
14566
14568
14582
14595
14606
14610
14611
14615
14624
14627
14628
14634
14644
14654
14655
14656
14656
14658
14658
14658
14680
14685
14685
14692
14698
14701
14702
14709
14721
14733
14735
14739
14742
14743
14745
14746
14746
14758
14782
14790
14792
14793
14802
14815
14819
14827
14828
14837
14839
14843
14855
14856
14862
14863
14877
14884
14892
14893
14899
14900
14903
14907
14910
14912
14912
14917
14919
14923
14924
14929
14933
14933
14936
14937
14942
14946
14950
14950
14953
14955
14965
14965
14969
14977
14982
14984
14997
14999
15001
15004
15009
15012
15012
15014
15020
15022
15027
15032
15058
15059
15062
15063
15065
15072
15084
15084
15085
15098
15105
15111
15112
15114
15115
15119
15121
15122
15126
15126
15126
15127
15129
15131
15139
15157
15160
15167
15168
15169
15173
15174
15183
15192
15194
15200
15205
15214
15217
15218
15220
15226
15227
15229
15229
15232
15232
15232
15235
15244
15245
15247
15248
15250
15260
15266
15267
15268
15269
15274
15275
15275
15279
15308
15310
15310
15314
15315
15319
15323
15329
15329
15331
15337
15345
15348
15350
15356
15356
15359
15360
15366
15372
15374
15376
15379
15388
15392
15395
15407
15408
15408
15411
15416
15431
15435
15444
15444
15448
15456
15457
15460
15464
15464
15474
15476
15483
15493
15496
15499
15501
15507
15508
15509
15509
15513
15515
15517
15521
15522
15523
15531
15540
15543
15546
15547
15547
15550
15553
15554
15557
15561
15566
15566
15569
15569
15574
15577
15581
15584
15585
15593
15612
15616
15618
15624
15634
15635
15637
15637
15640
15652
15656
15656
15657
15660
15662
15664
15667
15677
15691
15701
15707
15718
15722
15722
15725
15733
15737
15747
15752
15753
15754
15756
15765
15769
15775
15776
15778
15781
15785
15796
15800
15803
15805
15805
15810
15814
15815
15816
15817
15820
15820
15827
15827
15828
15834
15837
15838
15843
15845
15849
15855
15856
15861
15863
15867
15872
15874
15879
15884
15889
15889
15891
15897
15897
15898
15899
15900
15906
15911
15912
15916
15916
15917
15920
15927
15929
15933
15933
15943
15947
15950
15951
15956
15959
15969
15971
15974
15981
15981
15982
15983
15985
16002
16002
16003
16008
16011
16025
16033
16034
16034
16053
16060
16066
16066
16076
16076
16077
16079
16084
16084
16085
16086
16099
16105
16111
16117
16119
16123
16126
16141
16144
16151
16158
16158
16159
16162
16164
16169
16169
16171
16178
16194
16200
16207
16207
16208
16211
16216
16221
16221
16223
16231
16238
16243
16247
16260
16260
16261
16261
16263
16263
16265
16266
16269
16272
16273
16276
16278
16280
16283
16287
16296
16305
16311
16313
16314
16333
16340
16341
16341
16344
16344
16346
16351
16356
16357
16358
16361
16361
16363
16365
16378
16379
16383
16385
16392
16393
16396
16402
16421
16424
16428
16428
16431
16432
16433
16435
16440
16440
16443
16448
16450
16452
16453
16453
16456
16456
16459
16461
16464
16477
16481
16486
16489
16494
16497
16498
16502
16506
16509
16515
16518
16518
16520
16521
16523
16526
16527
16536
16538
16550
16554
16555
16557
16562
16565
16569
16581
16583
16590
16595
16595
16605
16605
16611
16613
16615
16620
16623
16628
16629
16630
16636
16639
16642
16646
16650
16651
16653
16657
16659
16662
16668
16672
16674
16682
16685
16686
16695
16696
16700
16704
16708
16722
16722
16722
16725
16740
16741
16749
16750
16751
16753
16754
16755
16758
16760
16768
16769
16771
16772
16773
16787
16791
16791
16798
16805
16816
16821
16830
16831
16838
16839
16841
16842
16845
16846
16847
16850
16857
16858
16859
16861
16866
16870
16871
16873
16875
16877
16886
16894
16904
16910
16917
16918
16927
16927
16935
16937
16940
16942
16943
16946
16948
16962
16968
16986
16987
16988
16992
16995
16996
17001
17002
17024
17025
17027
17029
17029
17029
17039
17042
17046
17053
17057
17063
17065
17067
17070
17071
17075
17075
17084
17086
17104
17110
17112
17116
17117
17117
17117
17117
17122
17123
17124
17131
17131
17142
17142
17146
17147
17150
17151
17152
17156
17158
17163
17165
17175
17179
17181
17181
17188
17203
17208
17210
17212
17226
17227
17238
17238
17240
17241
17245
17249
17249
17251
17253
17255
17257
17258
17263
17275
17276
17281
17281
17282
17288
17291
17295
17297
17299
17299
17301
17301
17308
17315
17320
17329
17337
17346
17347
17351
17354
17357
17366
17367
17374
17376
17379
17385
17387
17393
17396
17398
17399
17406
17406
17408
17408
17414
17419
17421
17421
17427
17427
17433
17433
17436
17437
17444
17455
17460
17461
17469
17483
17487
17489
17492
17496
17500
17502
17510
17514
17516
17517
17520
17527
17530
17533
17540
17545
17548
17554
17558
17560
17567
17570
17571
17577
17582
17586
17589
17591
17595
17615
17618
17626
17627
17628
17637
17644
17649
17651
17655
17659
17662
17673
17673
17676
17681
17682
17683
17686
17689
17708
17715
17721
17721
17727
17732
17733
17734
17736
17739
17741
17748
17750
17750
17766
17769
17771
17772
17779
17785
17797
17801
17806
17807
17807
17810
17810
17816
17818
17818
17821
17824
17826
17835
17837
17841
17842
17848
17852
17857
17868
17869
17872
17877
17878
17879
17885
17885
17891
17895
17902
17909
17912
17916
17918
17921
17928
17934
17936
17950
17954
17969
17971
17972
17973
17977
17979
17979
17982
17988
17993
18001
18004
18010
18016
18016
18021
18031
18036
18047
18049
18051
18052
18055
18066
18070
18072
18077
18080
18094
18101
18106
18109
18111
18126
18130
18130
18134
18144
18161
18162
18164
18170
18171
18173
18188
18191
18195
18195
18196
18204
18205
18209
18212
18213
18213
18213
18226
18227
18233
18235
18236
18244
18245
18245
18247
18249
18256
18266
18270
18272
18274
18281
18286
18287
18288
18291
18292
18299
18300
18302
18303
18307
18310
18310
18312
18316
18321
18323
18327
18335
18346
18352
18358
18358
18362
18368
18372
18375
18376
18378
18383
18384
18384
18391
18393
18395
18398
18401
18405
18407
18408
18409
18415
18423
18423
18425
18430
18432
18433
18436
18440
18444
18450
18453
18464
18472
18477
18478
18480
18481
18482
18482
18483
18488
18492
18503
18504
18506
18512
18512
18519
18525
18525
18533
18535
18536
18543
18546
18551
18558
18563
18567
18568
18574
18579
18584
18589
18601
18603
18604
18606
18607
18611
18619
18622
18629
18629
18631
18638
18648
18657
18665
18676
18680
18682
18689
18690
18691
18695
18696
18698
18707
18709
18710
18725
18729
18731
18734
18741
18748
18769
18770
18771
18771
18775
18784
18788
18793
18794
18807
18808
18808
18811
18815
18819
18825
18826
18827
18827
18828
18830
18831
18846
18849
18852
18853
18854
18858
18863
18873
18876
18881
18882
18882
18887
18888
18897
18901
18906
18910
18917
18920
18925
18926
18927
18936
18940
18943
18945
18946
18955
18963
18964
18965
18965
18968
18976
18978
18981
18981
18984
18986
18987
18989
18994
18997
19001
19003
19004
19008
19013
19036
19036
19048
19058
19063
19068
19069
19074
19076
19076
19090
19093
19094
19100
19108
19113
19113
19118
19129
19130
19131
19135
19137
19138
19139
19145
19146
19147
19148
19152
19154
19159
19172
19179
19179
19180
19184
19184
19185
19189
19190
19190
19191
19194
19204
19205
19205
19205
19205
19207
19208
19208
19218
19230
19231
19231
19234
19237
19243
19251
19254
19257
19262
19264
19264
19269
19275
19281
19281
19282
19283
19290
19293
19294
19294
19297
19298
19302
19313
19317
19317
19328
19334
19335
19345
19355
19355
19361
19361
19364
19370
19377
19379
19389
19396
19396
19400
19402
19410
19411
19415
19415
19418
19426
19427
19434
19456
19459
19460
19463
19471
19477
19485
19486
19488
19488
19489
19493
19493
19504
19509
19512
19517
19517
19518
19519
19519
19545
19546
19552
19558
19561
19566
19566
19570
19571
19572
19578
19580
19581
19596
19601
19605
19606
19607
19609
19615
19617
19621
19624
19637
19643
19651
19653
19655
19656
19658
19664
19665
19671
19677
19681
19688
19695
19704
19707
19711
19713
19722
19729
19739
19740
19743
19747
19749
19757
19758
19761
19763
19767
19774
19774
19783
19786
19787
19788
19794
19798
19804
19814
19826
19829
19831
19831
19831
19843
19852
19863
19864
19877
19883
19892
19894
19896
19897
19898
19908
19908
19910
19914
19918
19928
19930
19931
19934
19942
19944
19952
19952
19961
19978
19987
19988
19988
19988
19989
19999
20001
20014
20019
20019
20021
20021
20026
20027
20030
20035
20036
20043
20055
20055
20056
20058
20066
20080
20083
20084
20088
20103
20105
20110
20110
20115
20118
20118
20120
20122
20124
20132
20136
20145
20146
20146
20161
20161
20167
20170
20172
20178
20182
20186
20186
20192
20207
20208
20217
20220
20226
20226
20235
20235
20236
20238
20239
20244
20246
20247
20252
20252
20256
20263
20267
20268
20273
20274
20286
20287
20303
20305
20311
20316
20318
20337
20343
20350
20354
20354
20356
20358
20359
20361
20368
20374
20377
20379
20382
20383
20386
20387
20390
20393
20395
20395
20395
20396
20397
20398
20402
20403
20405
20406
20407
20408
20411
20413
20413
20418
20419
20421
20421
20422
20423
20428
20429
20432
20433
20435
20439
20442
20443
20446
20454
20455
20457
20461
20480
20481
20481
20485
20485
20487
20497
20499
20500
20500
20501
20503
20504
20506
20509
20509
20511
20516
20521
20527
20533
20534
20537
20539
20539
20544
20546
20547
20561
20565
20565
20565
20566
20575
20581
20581
20582
20588
20597
20602
20602
20603
20605
20609
20610
20613
20616
20616
20617
20618
20626
20628
20629
20633
20636
20640
20645
20646
20646
20648
20651
20653
20654
20664
20664
20668
20675
20676
20679
20679
20683
20684
20686
20691
20691
20692
20693
20701
20702
20726
20730
20730
20736
20736
20737
20737
20739
20741
20743
20745
20759
20761
20764
20766
20768
20777
20777
20779
20780
20784
20786
20786
20788
20798
20802
20811
20814
20820
20826
20829
20829
20831
20841
20842
20847
20855
20855
20856
20867
20877
20882
20887
20902
20902
20916
20918
20940
20940
20941
20942
20943
20944
20944
20953
20953
20958
20963
20967
20967
20977
20977
20985
20997
20999
21000
21000
21004
21008
21009
21021
21025
21037
21044
21045
21047
21061
21068
21071
21072
21076
21079
21081
21083
21089
21107
21115
21116
21118
21120
21122
21132
21134
21137
21137
21142
21143
21145
21148
21150
21152
21153
21163
21169
21174
21178
21181
21186
21192
21203
21206
21208
21210
21210
21211
21216
21222
21224
21225
21225
21232
21239
21242
21249
21253
21255
21270
21278
21280
21289
21291
21293
21308
21310
21312
21325
21331
21352
21353
21355
21355
21358
21362
21379
21381
21384
21384
21385
21386
21390
21400
21402
21403
21411
21413
21414
21414
21417
21425
21432
21433
21444
21447
21451
21456
21456
21460
21463
21463
21468
21472
21473
21473
21474
21481
21482
21489
21492
21493
21496
21498
21507
21519
21520
21521
21522
21526
21532
21532
21533
21544
21547
21549
21551
21555
21556
21559
21560
21560
21562
21563
21567
21569
21572
21573
21578
21578
21588
21589
21592
21594
21599
21601
21613
21622
21623
21624
21628
21629
21635
21640
21642
21652
21654
21655
21658
21659
21668
21669
21685
21687
21689
21690
21690
21691
21691
21692
21702
21704
21706
21707
21709
21711
21713
21714
21714
21717
21722
21734
21736
21736
21744
21745
21746
21747
21748
21755
21757
21757
21763
21766
21770
21771
21775
21778
21785
21786
21787
21787
21790
21791
21794
21800
21802
21808
21813
21819
21820
21821
21826
21835
21836
21836
21839
21840
21840
21842
21846
21851
21852
21861
21866
21868
21869
21871
21883
21883
21899
21900
21902
21907
21913
21915
21923
21923
21924
21930
21935
21936
21936
21947
21954
21957
21958
21966
21968
21974
21976
21976
21982
21983
21984
21991
22002
22004
22007
22009
22011
22014
22020
22021
22024
22025
22029
22032
22040
22042
22044
22050
22052
22053
22055
22058
22059
22060
22062
22065
22070
22074
22083
22085
22086
22090
22096
22099
22101
22102
22106
22107
22108
22110
22113
22113
22114
22119
22120
22120
22136
22142
22145
22149
22154
22155
22158
22164
22169
22172
22178
22180
22191
22191
22196
22201
22202
22204
22215
22220
22221
22231
22236
22236
22259
22263
22273
22277
22277
22278
22288
22292
22303
22317
22328
22329
22329
22349
22351
22352
22358
22365
22371
22377
22379
22381
22383
22385
22394
22395
22396
22401
22409
22414
22415
22419
22422
22447
22449
22451
22460
22473
22475
22477
22478
22482
22484
22486
22488
22500
22503
22503
22515
22519
22532
22541
22543
22548
22552
22554
22555
22556
22557
22560
22564
22565
22566
22566
22577
22578
22578
22585
22589
22591
22592
22599
22601
22607
22615
22620
22620
22624
22629
22636
22651
22653
22658
22659
22664
22666
22666
22667
22673
22674
22674
22676
22677
22680
22682
22685
22686
22686
22691
22697
22699
22709
22712
22715
22717
22720
22724
22726
22728
22734
22735
22748
22750
22754
22762
22762
22762
22775
22777
22781
22783
22786
22787
22790
22791
22793
22798
22800
22802
22803
22821
22821
22824
22824
22833
22834
22836
22840
22841
22855
22857
22857
22865
22872
22875
22877
22886
22886
22887
22887
22890
22892
22895
22895
22903
22912
22916
22922
22930
22931
22931
22933
22938
22943
22955
22958
22960
22961
22991
22994
22995
23001
23009
23013
23015
23016
23016
23020
23021
23021
23040
23044
23047
23052
23053
23053
23055
23067
23067
23071
23074
23081
23091
23091
23091
23094
23094
23097
23098
23099
23103
23104
23108
23114
23121
23139
23149
23151
23152
23156
23164
23166
23170
23183
23183
23185
23187
23190
23200
23203
23206
23207
23209
23210
23212
23220
23220
23229
23246
23247
23247
23249
23249
23253
23254
23256
23257
23259
23261
23268
23269
23269
23273
23274
23276
23290
23290
23292
23292
23292
23293
23296
23298
23302
23303
23305
23307
23313
23315
23317
23318
23318
23324
23326
23327
23331
23333
23338
23341
23344
23360
23363
23369
23386
23386
23386
23399
23405
23410
23413
23413
23417
23419
23421
23421
23431
23445
23445
23446
23448
23453
23465
23473
23474
23477
23479
23483
23493
23497
23497
23500
23501
23502
23505
23520
23520
23522
23527
23528
23528
23531
23534
23539
23539
23547
23548
23549
23558
23562
23563
23565
23565
23569
23573
23577
23579
23584
23586
23588
23592
23604
23605
23607
23612
23615
23616
23625
23628
23629
23635
23638
23640
23640
23642
23643
23647
23651
23654
23656
23660
23672
23675
23679
23680
23683
23685
23692
23705
23707
23714
23716
23718
23719
23720
23723
23724
23727
23728
23730
23738
23745
23752
23762
23762
23762
23764
23765
23765
23772
23772
23772
23773
23774
23777
23780
23796
23804
23804
23808
23812
23816
23818
23818
23819
23821
23821
23822
23822
23824
23828
23829
23832
23837
23840
23841
23846
23848
23852
23854
23865
23873
23875
23877
23878
23892
23896
23901
23901
23901
23904
23904
23908
23910
23917
23920
23923
23925
23926
23928
23929
23941
23943
23943
23945
23950
23973
23976
23976
23978
23979
23981
23985
23993
23995
23999
24003
24003
24006
24007
24019
24019
24027
24027
24029
24029
24033
24035
24037
24039
24043
24051
24052
24053
24057
24068
24069
24073
24075
24081
24082
24089
24092
24094
24095
24099
24102
24108
24114
24115
24116
24117
24120
24123
24124
24129
24139
24142
24146
24153
24155
24157
24158
24165
24172
24174
24186
24190
24194
24195
24195
24197
24197
24200
24201
24211
24216
24228
24233
24248
24248
24252
24253
24261
24262
24262
24270
24276
24283
24287
24289
24295
24296
24296
24298
24300
24307
24310
24314
24319
24324
24334
24337
24339
24353
24353
24361
24366
24372
24373
24379
24387
24403
24404
24413
24416
24419
24426
24427
24432
24433
24438
24444
24445
24446
24450
24452
24461
24462
24464
24469
24469
24477
24481
24483
24491
24510
24524
24524
24533
24534
24534
24537
24538
24539
24541
24544
24547
24554
24560
24563
24563
24567
24568
24570
24571
24577
24583
24593
24597
24598
24598
24599
24601
24602
24609
24610
24617
24618
24633
24637
24640
24642
24644
24660
24662
24666
24668
24673
24673
24675
24680
24680
24681
24682
24684
24688
24693
24698
24701
24702
24703
24708
24713
24723
24729
24732
24733
24734
24744
24745
24745
24760
24760
24765
24766
24767
24768
24773
24775
24778
24779
24779
24782
24789
24794
24797
24798
24802
24802
24808
24810
24815
24817
24819
24820
24824
24838
24843
24847
24849
24859
24860
24863
24866
24868
24871
24872
24884
24887
24888
24888
24891
24892
24896
24898
24899
24903
24908
24926
24928
24935
24938
24942
24944
24956
24959
24961
24965
24969
24974
24976
24979
24982
24983
24984
24984
24988
25001
25005
25007
25008
25013
25015
25020
25021
25026
25030
25037
25046
25048
25053
25059
25060
25062
25064
25065
25072
25081
25082
25085
25091
25097
25097
25099
25101
25107
25108
25108
25109
25115
25119
25122
25122
25125
25143
25146
25146
25152
25157
25166
25166
25172
25176
25183
25185
25193
25196
25202
25204
25207
25216
25219
25220
25222
25223
25231
25233
25238
25241
25248
25255
25265
25269
25272
25285
25294
25298
25304
25307
25314
25318
25319
25322
25324
25333
25340
25349
25351
25358
25371
25378
25380
25388
25391
25402
25410
25414
25424
25429
25439
25439
25440
25442
25466
25470
25471
25475
25485
25485
25491
25492
25498
25501
25501
25502
25503
25508
25508
25511
25514
25518
25519
25522
25525
25535
25546
25548
25548
25550
25556
25559
25565
25571
25574
25575
25576
25577
25578
25579
25588
25590
25593
25598
25600
25600
25613
25614
25614
25618
25620
25623
25625
25627
25631
25647
25648
25651
25654
25655
25660
25661
25665
25674
25674
25676
25678
25680
25682
25691
25696
25699
25700
25704
25710
25713
25715
25721
25721
25723
25725
25725
25726
25727
25729
25729
25730
25733
25735
25745
25748
25754
25755
25755
25756
25762
25764
25765
25769
25769
25773
25774
25793
25796
25808
25812
25818
25818
25819
25823
25831
25836
25839
25840
25841
25845
25854
25854
25859
25867
25869
25870
25872
25874
25878
25878
25882
25882
25885
25885
25887
25896
25900
25910
25913
25916
25917
25920
25923
25925
25929
25935
25936
25941
25950
25960
25962
25963
25964
25971
25973
25975
25975
25976
25977
25981
25986
25989
25991
25994
25998
26000
26006
26010
26012
26013
26021
26030
26031
26032
26034
26036
26037
26040
26045
26064
26064
26066
26068
26073
26081
26082
26083
26096
26099
26103
26103
26105
26105
26109
26111
26113
26122
26125
26131
26133
26138
26148
26148
26152
26154
26157
26158
26162
26165
26167
26179
26179
26186
26189
26191
26197
26207
26214
26215
26217
26219
26225
26228
26230
26233
26234
26235
26238
26245
26252
26255
26256
26273
26273
26273
26276
26285
26301
26304
26306
26308
26313
26317
26323
26323
26329
26338
26342
26352
26364
26367
26369
26370
26376
26378
26382
26384
26409
26414
26416
26419
26420
26435
26436
26443
26443
26447
26450
26455
26464
26468
26469
26476
26481
26488
26488
26489
26489
26491
26494
26496
26496
26497
26500
26501
26504
26505
26506
26508
26510
26523
26525
26549
26549
26559
26564
26564
26574
26581
26586
26592
26602
26602
26605
26609
26610
26617
26620
26621
26622
26623
26643
26645
26655
26658
26659
26664
26666
26667
26667
26670
26671
26672
26673
26693
26695
26695
26700
26703
26706
26710
26712
26713
26722
26723
26730
26731
26732
26732
26733
26733
26735
26744
26744
26745
26754
26757
26758
26758
26762
26769
26771
26776
26784
26788
26790
26793
26795
26803
26806
26807
26808
26809
26818
26818
26823
26825
26831
26832
26836
26845
26846
26849
26856
26856
26860
26860
26875
26877
26879
26885
26885
26889
26890
26894
26899
26906
26910
26918
26920
26922
26922
26923
26923
26926
26937
26939
26945
26946
26952
26961
26962
26962
26966
26968
26969
26971
26972
26979
26979
26981
26985
26986
27014
27014
27016
27017
27017
27021
27021
27022
27022
27030
27031
27036
27038
27043
27043
27047
27052
27055
27063
27066
27067
27069
27073
27075
27076
27077
27081
27087
27099
27101
27102
27103
27109
27112
27114
27115
27116
27120
27120
27131
27131
27134
27136
27140
27145
27148
27154
27155
27157
27168
27174
27181
27182
27182
27184
27188
27200
27210
27213
27215
27226
27228
27230
27232
27239
27242
27243
27243
27250
27252
27252
27254
27269
27274
27282
27283
27283
27295
27297
27301
27303
27304
27307
27315
27316
27317
27318
27320
27322
27326
27327
27331
27333
27336
27338
27340
27346
27347
27354
27365
27368
27372
27374
27374
27392
27398
27401
27403
27407
27412
27423
27424
27429
27439
27442
27444
27458
27469
27477
27480
27482
27484
27485
27490
27491
27492
27495
27499
27505
27505
27513
27515
27518
27524
27535
27535
27535
27550
27553
27557
27559
27574
27574
27574
27579
27590
27594
27599
27602
27604
27613
27615
27618
27620
27621
27622
27627
27632
27632
27633
27633
27635
27637
27638
27641
27643
27648
27651
27655
27655
27656
27661
27665
27678
27683
27683
27690
27704
27720
27721
27728
27740
27741
27747
27752
27752
27756
27757
27758
27763
27769
27773
27777
27779
27785
27789
27806
27820
27825
27827
27830
27831
27836
27839
27841
27842
27845
27851
27856
27862
27878
27878
27883
27899
27899
27907
27913
27923
27923
27927
27933
27934
27938
27939
27948
27972
27973
27975
27975
27976
27992
27994
27995
27999
28011
28015
28033
28037
28039
28039
28042
28046
28050
28060
28061
28062
28063
28063
28066
28068
28087
28092
28092
28094
28097
28100
28104
28112
28112
28114
28118
28120
28122
28127
28134
28135
28139
28140
28140
28143
28150
28160
28160
28163
28166
28170
28172
28173
28174
28183
28187
28188
28189
28192
28202
28202
28209
28211
28212
28212
28215
28224
28227
28227
28241
28249
28257
28263
28271
28274
28274
28275
28278
28279
28289
28290
28293
28294
28297
28299
28304
28314
28332
28333
28347
28348
28350
28351
28355
28356
28368
28370
28370
28374
28375
28379
28379
28384
28404
28405
28406
28412
28412
28413
28418
28424
28431
28440
28445
28446
28448
28448
28462
28466
28469
28478
28480
28482
28488
28497
28498
28502
28507
28508
28520
28522
28525
28530
28532
28533
28537
28539
28544
28547
28548
28551
28559
28564
28564
28568
28581
28582
28584
28584
28586
28587
28587
28588
28591
28595
28600
28603
28605
28606
28609
28609
28616
28620
28621
28622
28628
28638
28640
28661
28663
28666
28670
28673
28673
28675
28676
28677
28680
28687
28693
28702
28728
28747
28762
28780
28781
28794
28796
28797
28802
28806
28810
28812
28823
28824
28826
28839
28840
28841
28845
28846
28847
28848
28852
28856
28864
28870
28872
28874
28878
28882
28891
28892
28893
28906
28907
28910
28913
28914
28916
28923
28926
28930
28932
28932
28933
28936
28938
28938
28939
28939
28941
28948
28955
28959
28960
28963
28966
28967
28981
28985
28985
28991
28994
29001
29004
29005
29005
29005
29033
29038
29041
29055
29060
29069
29075
29080
29087
29091
29091
29098
29098
29103
29115
29123
29124
29126
29130
29131
29137
29139
29154
29157
29171
29171
29173
29174
29179
29182
29185
29187
29187
29197
29205
29209
29210
29220
29230
29230
29240
29250
29253
29265
29269
29270
29272
29273
29274
29278
29280
29308
29308
29308
29313
29316
29321
29323
29324
29324
29326
29346
29359
29371
29371
29372
29381
29384
29385
29385
29388
29388
29399
29400
29402
29432
29432
29433
29434
29437
29438
29441
29442
29443
29450
29451
29456
29464
29474
29477
29482
29489
29490
29514
29521
29522
29525
29526
29528
29532
29542
29542
29542
29543
29554
29563
29566
29567
29569
29573
29575
29576
29577
29577
29581
29586
29594
29602
29604
29608
29609
29612
29612
29626
29628
29631
29636
29637
29646
29648
29650
29650
29654
29660
29662
29680
29681
29686
29689
29695
29695
29706
29707
29708
29715
29715
29717
29719
29726
29729
29733
29735
29742
29747
29748
29761
29762
29768
29768
29772
29772
29777
29781
29790
29804
29805
29808
29814
29815
29817
29819
29819
29827
29835
29836
29836
29848
29850
29850
29855
29860
29879
29884
29901
29902
29917
29918
29924
29933
29937
29938
29939
29939
29941
29944
29946
29950
29952
29963
29973
29974
29978
29981
29985
29986
29998
30000
30006
30014
30020
30024
30025
30029
30031
30033
30039
30049
30050
30052
30053
30054
30056
30057
30058
30061
30067
30067
30070
30074
30079
30080
30083
30092
30093
30105
30107
30123
30124
30124
30146
30147
30152
30158
30167
30169
30172
30173
30175
30176
30179
30182
30187
30188
30190
30191
30193
30193
30199
30205
30209
30216
30216
30226
30228
30229
30230
30233
30243
30244
30247
30248
30255
30259
30262
30265
30271
30274
30275
30276
30277
30279
30283
30285
30287
30298
30303
30304
30306
30306
30310
30323
30323
30324
30324
30335
30339
30342
30350
30350
30353
30357
30361
30362
30365
30372
30376
30377
30379
30379
30379
30385
30388
30390
30391
30396
30398
30399
30403
30403
30406
30409
30412
30413
30415
30424
30428
30431
30433
30433
30436
30437
30453
30454
30457
30459
30461
30466
30471
30472
30479
30483
30494
30495
30502
30502
30502
30504
30505
30505
30513
30514
30518
30528
30530
30530
30546
30552
30553
30557
30557
30563
30566
30569
30571
30571
30576
30585
30601
30603
30614
30619
30626
30627
30632
30633
30634
30644
30648
30652
30657
30661
30662
30663
30664
30666
30680
30686
30687
30689
30694
30697
30704
30713
30718
30718
30723
30730
30734
30743
30749
30751
30754
30755
30760
30760
30762
30762
30764
30769
30770
30770
30771
30778
30778
30779
30788
30789
30794
30795
30797
30797
30798
30800
30805
30807
30810
30811
30814
30816
30837
30838
30839
30841
30851
30851
30856
30868
30879
30881
30882
30884
30885
30888
30891
30894
30896
30906
30911
30912
30915
30926
30931
30937
30940
30945
30948
30949
30949
30955
30968
30969
30974
30976
30980
30983
30985
30989
30994
30996
31003
31015
31019
31019
31021
31024
31029
31039
31042
31043
31045
31048
31053
31055
31060
31071
31073
31073
31077
31077
31080
31084
31084
31087
31090
31093
31094
31099
31102
31108
31109
31114
31122
31130
31131
31134
31135
31135
31140
31142
31145
31147
31148
31149
31158
31158
31159
31167
31167
31171
31174
31179
31181
31183
31185
31196
31199
31202
31208
31212
31213
31216
31217
31230
31231
31235
31236
31245
31246
31251
31251
31255
31256
31258
31259
31260
31271
31275
31277
31278
31284
31291
31297
31301
31301
31305
31311
31311
31317
31320
31323
31324
31325
31326
31327
31330
31331
31332
31332
31333
31335
31340
31350
31352
31356
31360
31374
31376
31386
31387
31396
31402
31404
31405
31405
31407
31412
31416
31420
31430
31433
31452
31453
31457
31468
31469
31469
31471
31473
31473
31476
31491
31494
31496
31497
31499
31503
31504
31508
31509
31509
31520
31520
31526
31528
31532
31539
31542
31544
31568
31570
31580
31581
31591
31593
31599
31600
31607
31610
31616
31616
31622
31624
31638
31639
31643
31644
31646
31648
31650
31653
31666
31668
31677
31677
31682
31685
31686
31686
31688
31689
31705
31706
31707
31718
31731
31731
31737
31740
31749
31751
31753
31763
31765
31766
31769
31777
31778
31790
31791
31792
31795
31798
31805
31806
31812
31820
31821
31825
31826
31831
31831
31838
31849
31855
31859
31859
31863
31870
31870
31873
31878
31880
31881
31892
31901
31901
31902
31904
31905
31908
31909
31913
31913
31920
31926
31936
31936
31947
31956
31956
31957
31964
31970
31974
31975
31983
31991
31992
31994
31998
31998
32002
32004
32007
32010
32011
32016
32017
32021
32022
32026
32026
32027
32027
32029
32032
32039
32041
32042
32043
32047
32047
32049
32056
32065
32071
32076
32086
32089
32089
32092
32094
32096
32097
32098
32099
32099
32099
32103
32107
32111
32114
32114
32116
32122
32136
32145
32158
32158
32162
32165
32170
32176
32176
32185
32186
32186
32194
32195
32197
32202
32202
32203
32210
32214
32218
32221
32228
32228
32231
32238
32247
32249
32250
32255
32265
32266
32271
32271
32283
32285
32288
32289
32289
32290
32291
32294
32296
32303
32304
32306
32311
32312
32322
32325
32326
32327
32328
32332
32338
32347
32350
32351
32353
32356
32357
32357
32368
32370
32374
32377
32379
32381
32382
32384
32385
32386
32387
32391
32397
32398
32400
32401
32406
32406
32416
32416
32418
32419
32423
32424
32424
32437
32437
32438
32440
32440
32447
32448
32449
32451
32455
32458
32459
32479
32483
32484
32487
32488
32492
32499
32500
32503
32507
32514
32515
32517
32518
32521
32522
32523
32533
32533
32538
32542
32544
32548
32550
32551
32551
32567
32575
32577
32579
32581
32582
32582
32584
32592
32593
32595
32607
32608
32615
32629
32631
32637
32638
32641
32649
32656
32659
32660
32660
32666
32670
32673
32674
32677
32679
32698
32698
32708
32716
32722
32725
32733
32736
32737
32738
32748
32750
32758
32758
32758
32760
32764
32766
