4
4
16
21
27
41
44
61
65
81
83
83
87
87
102
104
105
117
124
129
130
169
171
182
193
205
207
222
223
236
238
246
251
257
263
264
267
267
275
277
294
318
320
332
336
337
343
352
354
357
378
384
387
404
405
410
420
421
433
440
448
451
453
460
466
472
473
475
482
499
502
508
534
534
535
543
551
557
560
561
582
584
588
589
597
598
613
671
676
683
684
690
696
703
705
714
720
724
725
727
730
737
743
752
755
755
756
768
789
791
798
799
803
812
816
822
836
838
847
854
860
861
871
892
893
902
902
926
928
933
943
954
955
962
964
969
974
977
1006
1008
1011
1013
1025
1029
1033
1038
1039
1053
1060
1068
1080
1084
1089
1091
1096
1100
1102
1127
1128
1131
1136
1145
1146
1154
1155
1166
1171
1174
1176
1185
1192
1199
1204
1206
1213
1213
1214
1229
1234
1244
1245
1265
1267
1275
1279
1312
1333
1334
1337
1358
1366
1384
1385
1399
1406
1416
1420
1422
1424
1434
1435
1445
1446
1453
1461
1464
1489
1493
1499
1508
1510
1519
1529
1529
1549
1561
1570
1572
1581
1582
1584
1596
1604
1611
1622
1649
1659
1675
1676
1682
1683
1701
1711
1715
1720
1745
1755
1759
1760
1761
1784
1787
1788
1790
1796
1807
1811
1813
1816
1833
1843
1852
1854
1871
1878
1883
1898
1907
1910
1914
1915
1938
1956
1961
1980
1991
1997
2001
2011
2013
2025
2030
2032
2044
2047
2048
2061
2066
2083
2091
2099
2105
2115
2118
2125
2144
2152
2156
2171
2171
2174
2178
2180
2187
2188
2189
2191
2199
2201
2214
2217
2237
2238
2245
2257
2257
2269
2270
2280
2289
2322
2332
2350
2356
2359
2371
2372
2388
2391
2394
2426
2432
2440
2449
2467
2497
2497
2499
2506
2512
2523
2531
2537
2539
2548
2556
2561
2567
2579
2594
2604
2613
2614
2618
2630
2636
2643
2643
2645
2654
2658
2669
2670
2673
2679
2687
2696
2700
2708
2709
2714
2716
2721
2726
2727
2733
2746
2746
2756
2759
2760
2763
2763
2795
2800
2814
2817
2830
2831
2836
2842
2850
2859
2867
2870
2872
2872
2876
2886
2912
2914
2942
2944
2952
2953
2955
2955
2965
2981
3000
3003
3016
3061
3065
3075
3086
3088
3115
3124
3124
3125
3132
3133
3135
3148
3153
3164
3169
3187
3190
3197
3201
3205
3210
3213
3218
3219
3223
3224
3229
3236
3240
3260
3287
3291
3299
3304
3306
3323
3324
3325
3353
3355
3360
3360
3365
3368
3369
3372
3382
3391
3396
3412
3431
3433
3446
3452
3465
3466
3479
3480
3482
3484
3500
3528
3529
3542
3544
3545
3560
3563
3577
3585
3588
3590
3592
3592
3596
3599
3604
3604
3606
3626
3635
3655
3662
3667
3676
3678
3696
3707
3726
3734
3746
3758
3764
3794
3797
3801
3814
3833
3834
3834
3834
3839
3849
3885
3888
3892
3893
3901
3907
3911
3915
3938
3941
3946
3963
3989
3990
4006
4010
4012
4018
4029
4034
4035
4040
4083
4085
4124
4129
4130
4138
4156
4160
4166
4168
4170
4171
4179
4184
4185
4194
4196
4229
4230
4232
4237
4238
4238
4244
4254
4257
4259
4259
4277
4278
4285
4287
4298
4300
4303
4323
4340
4343
4354
4359
4369
4379
4390
4394
4395
4410
4411
4414
4414
4420
4429
4436
4444
4444
4447
4449
4488
4498
4499
4530
4530
4567
4571
4579
4586
4620
4627
4628
4656
4657
4658
4660
4664
4677
4698
4708
4708
4720
4730
4732
4741
4751
4755
4765
4766
4770
4776
4786
4804
4805
4810
4810
4811
4822
4823
4823
4826
4835
4860
4868
4884
4910
4912
4941
4947
4949
4955
4968
4970
4978
4982
4991
4994
4998
5001
5004
5011
5011
5012
5024
5058
5061
5088
5089
5091
5111
5112
5122
5139
5149
5159
5170
5171
5174
5177
5187
5208
5211
5220
5226
5226
5237
5241
5246
5278
5287
5308
5328
5331
5333
5336
5347
5348
5351
5352
5363
5366
5369
5379
5384
5394
5419
5425
5442
5445
5445
5453
5480
5483
5502
5508
5512
5514
5520
5522
5525
5528
5552
5555
5557
5588
5589
5618
5618
5620
5627
5640
5640
5653
5671
5671
5695
5721
5724
5748
5755
5756
5759
5765
5780
5784
5789
5820
5843
5850
5850
5878
5885
5886
5891
5899
5908
5913
5920
5927
5938
5941
5949
5950
5952
5959
5969
5971
5993
5996
6001
6002
6008
6010
6022
6029
6051
6053
6077
6081
6086
6111
6116
6121
6122
6125
6135
6143
6145
6148
6158
6179
6184
6190
6219
6236
6249
6254
6255
6261
6292
6293
6294
6318
6319
6321
6328
6329
6337
6340
6371
6387
6390
6395
6400
6410
6440
6449
6456
6465
6472
6473
6475
6504
6509
6515
6537
6557
6557
6568
6568
6570
6574
6578
6586
6593
6602
6603
6604
6625
6635
6646
6667
6676
6690
6690
6706
6708
6735
6737
6737
6749
6750
6751
6759
6761
6767
6768
6775
6781
6783
6792
6804
6804
6810
6814
6821
6845
6858
6862
6896
6899
6901
6912
6917
6951
6956
6967
6968
6971
6981
6992
6996
7013
7013
7014
7038
7049
7051
7057
7061
7062
7065
7087
7091
7096
7124
7155
7157
7162
7168
7177
7180
7185
7188
7199
7200
7202
7211
7216
7227
7230
7240
7246
7252
7253
7254
7259
7265
7273
7286
7293
7300
7301
7310
7316
7318
7321
7326
7332
7341
7349
7372
7373
7381
7397
7399
7401
7413
7431
7433
7434
7439
7455
7487
7491
7524
7536
7542
7545
7550
7568
7578
7584
7588
7598
7609
7620
7623
7638
7643
7652
7659
7663
7672
7678
7679
7691
7697
7720
7728
7732
7742
7748
7762
7767
7767
7775
7789
7792
7796
7804
7806
7807
7810
7839
7858
7868
7878
7882
7888
7897
7926
7929
7946
7954
7962
7968
7973
7984
8000
8010
8021
8041
8041
8054
8069
8080
8089
8094
8095
8099
8101
8110
8116
8123
8147
8155
8169
8174
8177
8180
8199
8218
8230
8236
8247
8259
8259
8264
8269
8284
8287
8290
8303
8304
8309
8310
8314
8315
8321
8348
8353
8361
8366
8369
8374
8387
8391
8401
8407
8426
8429
8435
8440
8447
8452
8454
8465
8466
8467
8470
8477
8479
8487
8493
8501
8506
8516
8525
8544
8550
8553
8560
8582
8587
8608
8621
8626
8641
8649
8653
8670
8690
8692
8692
8697
8710
8725
8725
8739
8742
8757
8758
8760
8762
8763
8775
8777
8778
8797
8810
8812
8816
8832
8836
8838
8850
8860
8861
8864
8867
8890
8895
8895
8916
8942
8951
8969
8979
8980
8985
9013
9022
9029
9037
9070
9075
9077
9079
9092
9104
9108
9118
9135
9135
9137
9149
9169
9175
9206
9211
9214
9224
9234
9244
9250
9254
9260
9261
9272
9283
9284
9302
9307
9314
9333
9346
9351
9360
9367
9386
9387
9390
9396
9397
9422
9434
9439
9450
9460
9463
9465
9476
9476
9478
9485
9495
9501
9503
9517
9539
9542
9544
9553
9557
9565
9567
9569
9591
9592
9607
9619
9621
9622
9628
9649
9651
9663
9664
9688
9689
9691
9692
9698
9708
9709
9734
9740
9769
9771
9773
9780
9789
9792
9794
9796
9797
9798
9811
9817
9817
9822
9822
9826
9826
9829
9831
9852
9853
9860
9865
9867
9873
9873
9886
9889
9905
9922
9931
9942
9951
9959
9969
9974
9981
9982
9993
10001
10007
10011
10016
10016
10022
10031
10037
10038
10056
10058
10080
10086
10092
10104
10106
10127
10132
10133
10134
10136
10146
10147
10151
10153
10162
10164
10167
10170
10173
10178
10195
10212
10215
10220
10239
10246
10264
10267
10288
10288
10296
10306
10307
10314
10325
10345
10350
10367
10368
10379
10392
10393
10401
10422
10423
10428
10440
10449
10453
10461
10468
10468
10475
10478
10479
10487
10490
10505
10531
10537
10537
10540
10540
10546
10547
10552
10571
10575
10576
10598
10601
10608
10612
10622
10623
10626
10650
10674
10680
10682
10703
10711
10714
10745
10750
10752
10752
10763
10776
10780
10781
10788
10809
10811
10820
10821
10826
10828
10837
10837
10861
10867
10873
10874
10879
10890
10895
10895
10896
10897
10904
10911
10913
10918
10925
10935
10936
10938
10959
10982
10985
11007
11012
11015
11015
11038
11040
11040
11045
11065
11066
11070
11070
11075
11075
11076
11078
11079
11104
11106
11113
11113
11128
11144
11156
11172
11177
11181
11185
11201
11205
11243
11252
11252
11255
11260
11262
11278
11283
11298
11304
11310
11314
11316
11318
11328
11328
11328
11330
11351
11364
11368
11388
11408
11413
11423
11433
11449
11462
11462
11468
11472
11476
11477
11482
11491
11498
11498
11500
11526
11528
11532
11533
11540
11545
11547
11547
11561
11569
11588
11600
11608
11618
11621
11626
11632
11635
11670
11685
11685
11686
11687
11688
11696
11706
11720
11732
11737
11741
11743
11761
11768
11785
11788
11795
11795
11799
11811
11826
11832
11835
11839
11843
11858
11896
11897
11898
11903
11903
11904
11906
11924
11933
11935
11936
11937
11946
11955
11964
11966
11990
11992
12003
12004
12010
12017
12023
12025
12029
12036
12037
12043
12052
12081
12082
12090
12099
12101
12117
12117
12127
12132
12148
12162
12164
12184
12190
12214
12219
12219
12222
12232
12238
12239
12253
12259
12267
12272
12282
12289
12293
12297
12334
12342
12347
12353
12353
12354
12356
12362
12365
12371
12373
12396
12399
12400
12408
12430
12442
12450
12456
12461
12465
12470
12477
12488
12497
12499
12500
12501
12504
12535
12548
12581
12583
12584
12584
12586
12595
12597
12607
12610
12639
12641
12663
12673
12678
12688
12688
12690
12705
12711
12713
12715
12723
12730
12734
12739
12751
12755
12758
12764
12768
12773
12776
12782
12794
12796
12800
12804
12804
12809
12825
12829
12835
12837
12839
12856
12866
12882
12883
12887
12889
12893
12907
12922
12927
12932
12959
12963
12968
12971
12976
12977
12978
12981
12988
12994
13006
13020
13022
13030
13040
13041
13049
13087
13089
13097
13102
13112
13121
13125
13128
13128
13140
13151
13152
13160
13163
13167
13175
13177
13178
13181
13195
13202
13222
13227
13229
13238
13254
13262
13275
13298
13302
13313
13316
13322
13333
13335
13375
13389
13394
13405
13408
13420
13422
13425
13429
13461
13468
13485
13490
13503
13522
13529
13531
13552
13572
13580
13582
13586
13605
13605
13606
13621
13629
13634
13650
13653
13662
13665
13689
13694
13703
13704
13736
13739
13745
13753
13767
13771
13772
13781
13808
13822
13823
13835
13841
13851
13856
13859
13861
13903
13905
13921
13924
13926
13931
13935
13956
13963
13968
13973
13977
13988
13989
13991
13993
14010
14015
14016
14017
14032
14038
14049
14052
14061
14070
14082
14099
14126
14154
14158
14162
14172
14182
14192
14202
14205
14210
14213
14228
14233
14245
14251
14255
14265
14267
14268
14279
14296
14314
14331
14337
14338
14340
14340
14363
14370
14389
14403
14406
14411
14417
14420
14423
14424
14434
14463
14470
14470
14479
14499
14520
14522
14534
14535
14558
14566
14611
14615
14628
14634
14644
14654
14656
14656
14658
14658
14658
14685
14692
14698
14701
14709
14721
14739
14743
14745
14746
14790
14793
14802
14827
14828
14839
14843
14856
14862
14892
14893
14912
14912
14917
14924
14933
14936
14942
14946
14950
14953
14977
14982
14984
14997
14999
15004
15009
15020
15022
15032
15058
15059
15063
15072
15084
15085
15098
15112
15114
15119
15121
15131
15174
15183
15194
15200
15205
15214
15217
15218
15227
15232
15235
15244
15248
15250
15266
15269
15275
15279
15308
15310
15315
15323
15329
15337
15348
15356
15356
15359
15376
15388
15392
15407
15408
15411
15416
15431
15444
15448
15456
15460
15464
15483
15496
15501
15507
15508
15509
15513
15515
15521
15522
15523
15531
15540
15546
15547
15553
15554
15566
15566
15569
15612
15618
15624
15634
15635
15652
15656
15657
15667
15677
15691
15707
15722
15725
15733
15737
15765
15769
15805
15815
15820
15820
15827
15827
15834
15837
15845
15849
15855
15863
15867
15872
15874
15879
15889
15897
15898
15899
15906
15911
15912
15916
15917
15920
15927
15929
15933
15943
15947
15951
15956
15959
15971
15974
15982
15983
16002
16008
16025
16034
16034
16066
16066
16076
16077
16084
16084
16085
16099
16105
16111
16158
16164
16169
16171
16200
16207
16208
16216
16221
16238
16247
16260
16263
16269
16276
16278
16283
16287
16313
16314
16341
16344
16351
16357
16358
16361
16363
16378
16383
16385
16392
16393
16396
16402
16421
16424
16433
16435
16440
16443
16448
16452
16453
16453
16456
16477
16481
16489
16494
16498
16502
16506
16518
16520
16521
16523
16527
16536
16550
16554
16555
16562
16565
16569
16605
16613
16620
16623
16628
16629
16630
16639
16642
16650
16651
16653
16657
16659
16668
16682
16686
16695
16696
16708
16722
16722
16725
16741
16753
16754
16755
16760
16768
16769
16773
16787
16791
16791
16798
16821
16830
16842
16845
16846
16858
16861
16870
16871
16877
16886
16894
16904
16910
16917
16927
16935
16937
16942
16943
16946
16962
16988
16992
17002
17027
17029
17029
17029
17039
17046
17063
17065
17067
17070
17104
17110
17117
17117
17131
17131
17151
17152
17156
17158
17163
17165
17175
17179
17181
17203
17210
17226
17240
17245
17249
17251
17253
17255
17257
17281
17291
17295
17297
17299
17299
17301
17308
17320
17347
17354
17357
17366
17376
17385
17387
17398
17399
17406
17408
17408
17419
17421
17421
17427
17427
17433
17444
17460
17461
17489
17496
17502
17510
17514
17533
17540
17558
17567
17571
17586
17595
17615
17627
17628
17637
17644
17649
17659
17676
17682
17683
17686
17715
17721
17721
17732
17736
17748
17766
17769
17785
17797
17801
17806
17810
17816
17818
17818
17821
17826
17841
17852
17857
17869
17879
17885
17885
17895
17902
17909
17916
17934
17936
17973
17977
17979
17982
17988
17993
18001
18004
18010
18016
18031
18070
18072
18106
18111
18130
18130
18164
18170
18173
18195
18195
18196
18204
18209
18212
18213
18227
18236
18244
18245
18245
18247
18266
18272
18274
18281
18286
18287
18291
18303
18307
18310
18312
18321
18346
18358
18358
18372
18375
18376
18384
18391
18393
18405
18409
18425
18432
18436
18440
18453
18464
18472
18477
18482
18483
18492
18503
18506
18512
18525
18525
18533
18543
18551
18558
18563
18568
18584
18589
18601
18603
18606
18619
18638
18680
18682
18695
18707
18725
18729
18748
18771
18788
18808
18808
18811
18819
18825
18826
18827
18828
18830
18852
18873
18876
18881
18882
18887
18888
18897
18901
18906
18910
18925
18943
18945
18955
18964
18965
18965
18968
18976
18981
18981
18986
18987
19001
19004
19013
19036
19048
19100
19108
19130
19131
19135
19139
19146
19152
19159
19179
19179
19180
19184
19184
19185
19189
19204
19205
19205
19205
19205
19207
19218
19230
19231
19231
19234
19237
19243
19254
19269
19275
19281
19281
19290
19294
19294
19298
19313
19317
19334
19361
19361
19370
19377
19379
19389
19396
19400
19402
19410
19411
19415
19427
19434
19456
19485
19486
19489
19493
19504
19517
19517
19518
19545
19546
19558
19561
19566
19571
19580
19581
19605
19606
19621
19624
19637
19643
19651
19653
19655
19656
19665
19671
19677
19688
19695
19704
19707
19711
19722
19740
19743
19747
19757
19758
19767
19786
19787
19788
19804
19826
19829
19831
19843
19863
19864
19877
19892
19894
19896
19897
19898
19910
19918
19928
19930
19934
19942
19961
19978
19988
19988
19989
19999
20001
20019
20021
20021
20026
20027
20030
20036
20043
20058
20083
20084
20088
20103
20110
20115
20118
20122
20132
20136
20146
20146
20161
20167
20170
20178
20182
20207
20208
20217
20226
20226
20235
20236
20238
20239
20244
20247
20252
20256
20263
20267
20268
20273
20274
20286
20316
20318
20354
20354
20358
20368
20374
20377
20382
20395
20395
20395
20405
20408
20411
20421
20435
20446
20454
20481
20481
20485
20485
20497
20500
20500
20501
20504
20521
20527
20533
20537
20539
20539
20546
20547
20566
20581
20588
20597
20602
20602
20603
20605
20610
20613
20616
20626
20629
20636
20640
20645
20648
20651
20653
20664
20668
20676
20691
20691
20693
20736
20736
20737
20739
20743
20745
20764
20766
20768
20777
20779
20786
20798
20802
20814
20829
20829
20831
20841
20847
20856
20867
20877
20887
20902
20916
20940
20940
20941
20953
20958
20963
20967
20967
20977
20985
20999
21000
21000
21009
21021
21025
21037
21044
21045
21061
21068
21072
21076
21079
21115
21118
21120
21122
21143
21150
21152
21163
21178
21181
21186
21210
21216
21222
21224
21225
21242
21249
21270
21278
21289
21293
21312
21352
21355
21355
21362
21379
21384
21385
21400
21402
21403
21413
21414
21417
21433
21444
21447
21451
21456
21460
21463
21463
21472
21473
21474
21481
21492
21493
21496
21507
21519
21520
21521
21532
21544
21547
21549
21551
21555
21567
21572
21573
21578
21594
21599
21613
21624
21628
21635
21640
21642
21652
21654
21658
21659
21668
21669
21687
21689
21690
21691
21691
21692
21704
21706
21709
21711
21713
21744
21755
21757
21763
21766
21770
21775
21778
21787
21787
21790
21808
21820
21821
21826
21836
21840
21840
21842
21846
21851
21852
21861
21868
21869
21883
21900
21902
21913
21915
21923
21924
21930
21936
21958
21974
21976
21976
21984
21991
22011
22020
22032
22042
22050
22052
22053
22060
22062
22074
22085
22096
22099
22102
22106
22108
22113
22113
22120
22145
22149
22154
22155
22158
22180
22191
22191
22196
22215
22231
22236
22236
22259
22263
22273
22277
22277
22288
22292
22328
22352
22365
22377
22383
22385
22395
22396
22401
22415
22419
22447
22451
22460
22473
22477
22484
22486
22488
22500
22503
22503
22541
22548
22552
22557
22564
22565
22566
22578
22589
22599
22601
22620
22636
22651
22653
22658
22666
22674
22676
22680
22682
22686
22697
22699
22709
22717
22720
22728
22748
22750
22762
22775
22777
22781
22787
22791
22802
22821
22824
22833
22834
22877
22886
22895
22895
22903
22912
22922
22943
22995
23001
23009
23021
23040
23044
23053
23053
23067
23091
23091
23094
23098
23099
23108
23121
23139
23152
23183
23187
23190
23200
23203
23207
23209
23210
23249
23249
23253
23254
23259
23269
23274
23276
23292
23293
23296
23303
23307
23313
23315
23317
23318
23326
23331
23333
23363
23386
23386
23405
23410
23413
23419
23421
23431
23445
23446
23465
23474
23497
23501
23505
23527
23528
23547
23548
23549
23565
23569
23573
23584
23586
23588
23604
23605
23607
23628
23635
23638
23640
23642
23643
23651
23672
23675
23679
23680
23692
23705
23707
23714
23718
23723
23724
23727
23738
23752
23762
23762
23762
23765
23772
23772
23773
23774
23780
23812
23818
23832
23846
23852
23865
23873
23878
23901
23904
23904
23908
23910
23925
23928
23941
23976
23978
23995
24003
24003
24006
24027
24027
24029
24043
24051
24052
24057
24069
24073
24075
24092
24102
24114
24115
24116
24117
24123
24139
24142
24155
24157
24165
24174
24190
24194
24195
24197
24201
24216
24233
24252
24253
24262
24262
24295
24296
24298
24307
24310
24324
24353
24361
24366
24373
24379
24413
24432
24433
24438
24444
24445
24462
24481
24534
24538
24539
24541
24554
24560
24563
24563
24567
24570
24577
24593
24597
24598
24602
24609
24633
24637
24644
24660
24662
24668
24673
24675
24681
24693
24702
24703
24723
24729
24733
24744
24745
24745
24760
24765
24766
24768
24775
24778
24779
24794
24797
24798
24802
24808
24810
24817
24819
24824
24838
24843
24847
24863
24866
24868
24871
24888
24892
24935
24944
24956
24959
24965
24982
24983
24984
24988
25001
25005
25015
25026
25030
25037
25046
25060
25062
25064
25065
25085
25091
25097
25108
25109
25122
25122
25125
25143
25146
25146
25152
25166
25166
25183
25196
25219
25220
25222
25255
25298
25304
25314
25322
25324
25333
25340
25351
25378
25380
25388
25410
25439
25439
25440
25442
25466
25471
25485
25485
25491
25498
25508
25508
25511
25518
25519
25522
25525
25535
25548
25556
25565
25574
25576
25590
25600
25613
25620
25623
25625
25627
25631
25647
25654
25661
25665
25676
25678
25682
25691
25696
25699
25700
25704
25715
25721
25725
25727
25735
25745
25754
25755
25756
25764
25769
25818
25823
25840
25841
25845
25859
25867
25878
25878
25882
25882
25885
25913
25916
25917
25929
25935
25941
25960
25962
25964
25971
25975
25981
25986
25989
25994
25998
26006
26013
26030
26032
26034
26045
26064
26068
26082
26099
26103
26103
26105
26105
26109
26122
26125
26131
26148
26154
26157
26158
26167
26179
26186
26189
26191
26197
26207
26217
26219
26228
26230
26233
26235
26245
26273
26273
26285
26304
26306
26313
26317
26323
26323
26342
26352
26364
26367
26370
26382
26414
26416
26420
26436
26443
26447
26450
26455
26464
26468
26469
26488
26489
26489
26491
26500
26505
26510
26523
26525
26564
26592
26602
26609
26610
26623
26643
26645
26655
26658
26659
26664
26666
26667
26667
26670
26671
26673
26693
26695
26695
26710
26722
26723
26731
26732
26733
26744
26745
26754
26758
26758
26762
26769
26771
26776
26788
26795
26808
26809
26831
26832
26836
26846
26856
26860
26860
26877
26879
26885
26889
26894
26906
26910
26922
26923
26939
26945
26952
26961
26962
26971
26972
26979
27014
27014
27017
27021
27021
27022
27022
27036
27038
27043
27047
27066
27076
27077
27081
27099
27101
27102
27112
27114
27116
27136
27140
27148
27154
27181
27182
27182
27226
27232
27242
27250
27274
27283
27283
27297
27301
27303
27307
27315
27317
27326
27327
27333
27340
27347
27354
27368
27372
27392
27398
27401
27407
27412
27423
27424
27469
27480
27485
27491
27492
27499
27505
27513
27515
27518
27524
27535
27535
27535
27553
27574
27590
27594
27599
27602
27613
27621
27633
27635
27637
27641
27643
27655
27661
27665
27683
27683
27720
27740
27741
27752
27757
27769
27827
27831
27836
27839
27841
27851
27862
27883
27899
27907
27913
27923
27923
27927
27933
27934
27938
27939
27948
27972
27973
27975
27975
27976
27992
28011
28015
28037
28039
28039
28060
28061
28062
28063
28066
28068
28087
28092
28097
28104
28114
28122
28127
28135
28140
28143
28160
28166
28172
28173
28174
28183
28192
28202
28202
28209
28212
28215
28227
28227
28249
28263
28278
28289
28290
28293
28294
28297
28299
28332
28333
28347
28356
28368
28370
28375
28379
28404
28405
28412
28424
28440
28448
28462
28466
28469
28478
28480
28482
28497
28502
28508
28520
28533
28537
28539
28544
28551
28559
28568
28584
28584
28586
28587
28587
28591
28605
28609
28609
28622
28640
28663
28673
28675
28677
28680
28687
28728
28747
28762
28781
28794
28796
28797
28802
28810
28812
28824
28839
28845
28852
28856
28864
28870
28891
28906
28907
28913
28914
28916
28923
28932
28933
28936
28938
28939
28939
28941
28948
28955
28966
28985
28991
29001
29004
29005
29005
29033
29060
29075
29087
29091
29098
29098
29130
29154
29157
29171
29174
29179
29185
29187
29205
29209
29230
29230
29240
29250
29253
29270
29273
29308
29313
29323
29359
29371
29371
29381
29385
29388
29400
29402
29434
29438
29441
29442
29443
29450
29464
29474
29477
29482
29490
29521
29522
29526
29532
29563
29567
29569
29576
29602
29604
29609
29612
29612
29628
29636
29650
29662
29680
29686
29708
29715
29717
29726
29733
29735
29742
29747
29762
29772
29777
29781
29790
29808
29814
29815
29827
29836
29850
29850
29855
29884
29901
29917
29918
29939
29941
29946
29974
30006
30014
30031
30033
30049
30052
30053
30056
30070
30105
30107
30124
30147
30152
30158
30167
30169
30176
30179
30182
30187
30188
30190
30191
30193
30193
30199
30209
30216
30229
30230
30233
30243
30244
30248
30255
30259
30271
30275
30276
30277
30306
30306
30310
30335
30339
30350
30350
30353
30357
30362
30376
30379
30385
30390
30399
30403
30403
30406
30412
30413
30424
30428
30433
30436
30453
30454
30461
30471
30494
30502
30504
30505
30513
30514
30528
30530
30552
30557
30563
30566
30576
30585
30614
30619
30627
30632
30633
30634
30644
30663
30686
30687
30697
30713
30723
30730
30734
30749
30760
30762
30762
30764
30770
30778
30797
30798
30800
30810
30811
30814
30839
30841
30851
30856
30882
30884
30885
30888
30894
30896
30911
30915
30955
30969
30980
30983
30985
30996
31003
31021
31024
31029
31039
31043
31045
31048
31060
31080
31084
31087
31093
31099
31102
31108
31122
31130
31140
31145
31148
31158
31167
31167
31174
31181
31183
31185
31199
31208
31230
31235
31246
31251
31255
31271
31277
31278
31297
31305
31311
31323
31325
31326
31327
31331
31332
31333
31335
31360
31374
31387
31396
31402
31405
31405
31412
31416
31457
31469
31471
31473
31491
31494
31496
31497
31508
31509
31526
31532
31591
31593
31599
31600
31610
31622
31638
31643
31650
31666
31668
31677
31677
31686
31686
31688
31705
31707
31731
31749
31777
31790
31791
31805
31806
31812
31820
31826
31831
31831
31863
31873
31878
31881
31901
31905
31913
31920
31947
31970
31974
31975
31983
31992
31994
31998
32002
32016
32017
32021
32026
32026
32027
32039
32047
32076
32086
32089
32092
32098
32099
32099
32103
32114
32116
32145
32165
32176
32186
32186
32194
32195
32202
32202
32203
32228
32250
32255
32266
32271
32283
32285
32288
32291
32296
32311
32312
32328
32332
32338
32347
32351
32353
32357
32357
32384
32387
32397
32398
32401
32406
32406
32416
32423
32424
32437
32438
32440
32448
32449
32451
32458
32483
32484
32487
32488
32499
32500
32514
32522
32523
32533
32538
32542
32544
32567
32579
32581
32582
32584
32592
32593
32595
32607
32608
32615
32631
32649
32666
32670
32674
32679
32698
32708
32733
32736
32738
32758
