546
1053
1659
2536
2750
3129
3789
4712
4836
5307
5607
5774
6312
7207
7258
7647
8013
8192
8406
8576
10820
11405
11441
11876
12431
12681
13079
13139
13704
14331
15295
16289
17588
18013
18568
19557
21754
21976
23565
23797
24021
24132
25488
25863
27008
27944
28082
28190
28830
28880
29315
29443
29884
30109
30773
31141
31590
31679
31823
31977
32340
33506
34701
34735
35091
35365
35423
35621
35894
36031
36683
37101
37345
37659
37785
37841
38180
39317
39375
40513
40946
40995
41020
41213
41756
41990
42312
42447
42635
43552
44531
44847
45174
45629
45777
46922
47728
48600
48666
49970
50314
51243
51343
51740
51827
51919
52410
53058
53343
53689
54419
54647
55685
55690
56116
56423
56635
56984
57445
58008
58626
58659
59741
59752
59940
61691
61969
62232
62330
62656
63255
63558
64497
64632
64842
65573
65698
66555
66615
66636
68321
69546
69551
69877
71339
71985
72320
72815
73863
73900
73984
74786
75225
75275
76179
76183
76489
76594
76752
77324
77356
77794
78074
79843
80740
80992
81887
82762
82852
83017
83041
83505
84001
84804
85281
86953
87539
87679
90149
90873
92067
92513
92608
95219
95286
95703
96052
96108
97344
97606
98371
98655
99580
100184
100585
100632
100898
101086
101563
103739
104303
104996
105200
105646
105738
106306
107368
107602
107655
108175
109164
109466
109759
110043
110183
110721
111294
111964
112061
112811
113081
113710
113782
113818
113855
114027
114125
114886
115670
115725
116920
117863
118787
119082
120489
120852
122146
122235
122304
123240
124043
124291
124510
124742
124774
125603
125773
127377
128015
128115
128121
128210
129137
129486
131306
131730
132189
132616
133283
133562
133682
134134
134270
134479
134572
134639
136812
139852
140335
140864
141837
142141
142171
142803
142962
142997
143349
145424
146022
146170
146897
146955
147603
148048
148272
148980
149086
149162
149499
150218
150232
150609
150949
151511
152004
152066
152208
152492
152850
153022
153982
154354
154411
154745
154858
155037
155161
155231
155293
156039
156181
156608
157078
158518
158638
159324
159660
160196
160516
160621
160910
160988
162278
162635
162881
164238
165295
166207
166455
167011
167048
167296
168792
169386
169691
170204
170524
170922
171255
171637
171887
172540
174022
174441
175180
175912
176749
177651
177668
177867
179322
179553
179736
180105
180616
181587
181595
181919
182332
183135
183638
183941
184630
186516
187691
188543
188856
189183
189657
189662
189880
190045
190158
191365
192026
193819
194180
194476
195151
195586
197484
198438
198544
198728
198755
199471
199777
199825
200369
201538
201911
203263
203587
203689
203961
205076
205145
205276
205599
206716
207124
207142
207405
207540
208422
209461
210108
210663
210768
211022
212005
212116
212161
212854
213256
213269
213306
213516
213547
213600
213823
214124
215377
216036
216058
216268
216277
216467
217462
218538
219829
220846
221007
221546
221607
221729
221838
222028
222196
222470
223792
224122
225203
225389
225661
226866
227260
227415
227505
227764
228092
228200
229959
230918
231325
231331
231850
232261
232859
233891
234180
234655
234678
235563
236572
236697
237216
237707
238357
238629
238639
238896
239628
239744
239933
240115
240831
242138
242474
242504
243370
245117
245153
246498
248429
248554
248590
249085
249202
249302
249691
251027
253179
253744
253807
254572
256822
257122
257462
257613
257932
258396
260293
260299
261119
262075
262099
262241
262311
262561
262765
262950
263179
264262
264665
265107
265207
265950
266223
266828
267587
267833
268718
268955
270272
271660
273836
274011
274524
274526
275503
275598
276050
276425
276911
277589
279819
279975
280603
281199
281694
282070
282089
282414
283309
283754
284033
284449
284498
284631
285546
285947
286016
286190
286691
286776
286834
288447
288524
288906
288951
289668
290237
290473
290820
290870
291081
291412
291606
291745
291794
293496
294489
295005
295650
295849
296936
297525
297682
298329
298395
299411
300050
300568
300936
302636
303227
303692
304028
304768
304821
305285
305399
305549
305585
305750
306986
307626
307709
309659
309674
309879
310377
310452
311424
311457
311782
311918
312082
312605
313614
313969
314471
315012
315023
315695
316810
316853
317201
318632
320269
320872
321082
321226
321273
321329
321915
322842
322986
323021
323656
323781
324281
324610
324927
325313
325469
325717
326444
326524
327750
329328
329526
329908
330317
330954
331243
331606
331636
333744
334448
335215
335292
335381
335413
335527
335641
335738
335810
335849
337471
339300
339730
339751
340854
341791
342240
342825
343636
344402
344782
344888
344942
345472
346320
346789
347023
348572
348840
348878
349103
349577
349899
350159
350812
351876
351941
353311
353999
354377
354531
355140
355202
355516
355923
356026
356284
356441
356536
356566
356860
357037
357113
357124
357500
357770
360343
361349
361848
362226
362791
362921
363046
363965
364054
364073
366636
367204
367327
367834
367895
368030
368397
368452
369047
369247
369441
370468
370745
371278
372071
372681
372694
372737
373179
373191
373295
373448
373666
373924
374865
374985
375223
378811
379736
380721
381582
381795
381997
383855
384091
384225
384268
384332
384347
385150
385302
385568
385864
386226
386474
387085
388023
389151
390338
391445
391760
392242
392406
392821
394007
394279
394471
395437
395904
396056
396409
396809
398162
398259
398983
399014
399185
400692
401173
402947
403191
403547
403556
403651
404008
404470
404582
405266
406297
406494
407533
407585
408621
408831
409608
409679
409680
409983
410129
410754
411693
413204
413734
413931
414173
414744
415213
415562
415866
416537
418671
418687
419490
420083
420462
420487
421087
422712
424642
425191
425536
425637
426936
427019
427602
427777
428161
428185
428654
428705
428764
430113
431046
431163
431570
431631
431982
432505
432575
432872
433489
434553
434757
435029
435102
435233
435409
435939
436723
436785
436942
437635
438086
438296
438760
440486
441286
441758
441964
442330
442840
442917
444045
444064
445006
445052
445129
445172
446062
446117
446335
446974
447000
447790
449132
450116
450383
450789
451129
451373
451485
451539
451934
452269
452512
452778
452785
455672
456392
457739
458238
458578
458866
459361
459436
460134
460552
461936
461987
462020
463476
464026
464165
465115
465828
466082
466338
466355
466481
467617
467623
468473
468665
468709
470429
470525
471322
471432
471719
472140
472403
472721
473108
474127
474573
475205
475467
475719
475737
475822
476505
477046
477306
477339
478136
478165
478608
479144
479439
480178
480386
481180
481193
481779
482100
483850
484005
484402
485229
486136
486584
487119
487149
487529
487546
487642
487856
488292
488549
489987
490061
490245
490611
491166
491610
492280
492387
492488
492944
494069
494940
495097
495139
495209
495332
496294
496295
496604
497648
498436
498672
500136
500313
501282
501811
502986
503218
503506
503770
505296
505445
505494
506257
507092
508093
508314
509498
509586
510569
510830
511032
511171
511569
512704
513354
513411
513467
513986
514117
514170
514273
514323
514763
515763
515797
516609
516698
517774
518064
518388
518668
519153
520289
521372
521430
523755
524179
524697
525505
527618
528902
529108
529368
529737
529912
531878
531888
532105
532252
532622
533035
533536
533828
534013
535075
535503
535896
535953
537343
537943
538307
538542
539935
540991
541465
542744
543870
545485
545955
547617
548049
548117
548376
548691
549179
549571
549921
550054
550096
550203
550204
550687
552278
552844
553514
553725
553873
554149
554452
555350
555704
555784
556334
557215
557498
558447
558490
558537
558612
559715
559809
561022
561349
561927
564178
564532
564714
565346
566469
566596
567893
568319
568688
569170
569278
569619
570169
571197
571210
571592
571823
571992
572206
572372
573346
573916
575060
575246
575429
575491
577123
577624
577625
577951
578106
581235
581241
581936
583330
584357
584435
584491
585061
585562
585776
586792
587050
587191
587828
588517
588662
590010
592894
593352
593750
593883
594970
595304
595443
595550
595719
596079
596346
596722
598061
598473
598725
600018
601003
601364
602004
602258
603046
603682
604762
604802
605293
606680
606745
606920
607048
607134
607520
608396
609185
609722
610437
610830
611005
611665
612382
612867
613718
614197
614363
614439
614730
615543
615724
615869
616194
616828
617138
617234
617421
618290
619365
619432
619885
620548
620932
621257
621944
622256
622422
622543
623336
623951
625159
625685
625794
626339
627701
628154
628355
628661
629511
629987
630755
631378
632091
632363
632419
632472
634616
634726
634757
635409
637330
639045
639533
639859
640376
641498
642127
642237
642437
643972
644293
644633
644969
645270
646229
647432
647919
648200
648925
649564
649930
649963
650044
650809
652537
652629
652845
652979
653935
655824
656906
657081
658893
659517
661147
661271
661680
662014
662386
662696
665149
666945
667101
667635
667641
667760
668131
668245
668697
668858
668927
668951
669425
669519
669888
671424
673044
673893
674031
674457
674746
675451
676131
676536
678634
679169
679234
679312
679638
681007
681681
681937
682261
682629
682863
683037
683132
683485
684009
684328
684437
685648
686943
686984
687036
687215
687400
687805
688074
688303
688535
688541
688601
690702
692484
693369
693676
693728
693743
695420
695454
695687
696005
696011
696488
696795
697297
697764
698139
699352
699553
701230
701959
702052
703292
703404
703867
704592
704974
705487
705676
705698
706403
706767
707144
707254
707650
707775
707937
708361
709158
709623
710359
710384
711162
711167
711222
711410
711679
711698
713189
713812
714391
716425
716835
717009
717276
718144
718717
719403
720101
720394
720447
721154
721404
721626
721674
721928
722020
722360
723583
725061
726144
727049
727422
727804
728671
728819
729251
729729
729881
730229
730493
730655
731378
731777
732574
732843
732887
733033
734157
734199
734230
734516
735691
735783
736421
737000
737148
737382
737753
737764
737795
738607
739433
739673
740773
740890
741048
741664
741686
741742
742351
742406
743104
743987
744404
745607
746526
746559
748252
750038
750176
750177
750732
751954
752009
752687
753073
753590
753948
754185
754289
754573
756200
756629
756737
756910
757400
757822
757914
758102
758778
759212
759428
759531
759636
759758
760152
760386
760412
760913
761203
761229
761403
762284
762579
762782
763030
764328
764677
764920
764932
765170
765462
766516
766872
767669
771720
772114
773883
774786
776731
776858
777138
777470
778026
778410
778732
778795
779004
779386
779427
780134
780318
781902
782031
782158
782846
782857
783018
783179
783179
783266
783767
783792
784213
784672
785029
785086
785314
785719
785768
785858
786070
786762
787432
787456
787788
787988
788547
789207
790476
790657
793096
793358
793645
795381
796218
796295
796721
797463
798041
798206
799464
800678
800746
800857
801075
801642
802492
802518
802752
802756
802911
803090
803266
803340
804411
804853
805290
805311
806093
806289
806317
807327
807737
807773
808148
808313
808874
808970
809265
809723
811633
811686
811732
811985
812365
812787
814104
814116
814205
814323
816036
816163
816173
816204
818173
819391
819545
819794
820083
820691
820904
822750
823007
823535
823815
823926
824738
825253
825327
825602
825726
826512
826563
827685
827909
829058
829791
829853
829871
830629
830880
832162
832189
832925
833313
833505
833589
833913
834412
834523
835554
836410
837684
838162
838217
838462
838465
839852
840537
841465
842939
843137
843550
844340
845097
845955
846645
848637
849334
850028
850088
850681
850928
851369
851696
851807
852628
852976
853331
853785
853807
855154
855434
855733
855944
856023
856276
856732
856842
856909
857042
857592
857950
858089
858232
859297
859381
859530
859921
860492
862720
862943
864051
865069
865133
865321
866502
866613
867161
867574
868443
869594
870108
870343
870368
870559
870743
870998
871428
871445
871560
872455
873131
873293
874210
876753
877133
878149
878327
878775
878902
879341
880560
880809
881372
881433
882393
882899
882977
883204
883607
884431
884462
884608
885403
885928
886434
886973
887497
888029
888414
888983
889454
889945
890141
891349
891685
892889
893201
893604
894530
894540
894814
895190
897755
898215
898260
898304
898397
898935
899268
899963
900135
900629
900834
900864
901280
901522
901726
902208
902731
903289
903408
903955
904404
904577
905278
905350
905652
905982
906413
906430
906799
906997
907163
907218
908179
908476
908483
909803
910896
910954
910974
911587
911930
912722
913296
913918
914639
915250
915611
916141
917796
917826
918493
919660
919958
920110
920267
920554
921557
921637
922314
922478
923742
923910
925121
926488
927291
927312
927550
927719
928554
928951
929277
929939
930406
930489
930725
931741
932616
932792
933486
934344
934524
934742
935785
936218
936541
936800
937200
937585
937607
939001
940376
942212
942303
943897
943939
945942
945949
946573
947770
949130
950003
950722
951364
952815
952979
953508
954221
954236
954511
954552
954678
954700
954984
955180
955193
955796
955855
955873
956191
956527
956542
956796
956955
957007
957292
957817
958245
959428
959582
959808
960313
960365
960757
961681
962798
966337
966517
967940
969191
969396
969587
970291
970603
971280
971996
972088
972378
972679
972782
973183
973395
973500
973706
974837
975359
975704
975755
976621
978524
978680
981205
981227
982244
982245
982745
982961
983438
983946
984216
984433
984766
984928
985052
986024
987377
988008
988288
988358
988935
988990
989076
989280
989615
989919
990153
990324
990621
991225
991368
991914
992355
992822
993380
993399
993811
994146
994526
994592
995405
995468
995965
996372
996929
997067
998038
998536
999241
999318
999770
999839
1000091
1000311
1000424
1000520
1000895
1001017
1001021
1001148
1001457
1001610
1001625
1003605
1004179
1004707
1004755
1004833
1006603
1007953
1008045
1008320
1008960
1010375
1010657
1010848
1010871
1010990
1011258
1012417
1012903
1013620
1014159
1014191
1014399
1014616
1014912
1015140
1015965
1016715
1017162
1017429
1017637
1019926
1020158
1021626
1022065
1022382
1022441
1022904
1023147
1023745
1023746
1024898
1025165
1025215
1025682
1026396
1026662
1026877
1026978
1027954
1029104
1029221
1029992
1030031
1030191
1030493
1031476
1031882
1032728
1033836
1034338
1034701
1034722
1034762
1034911
1034984
1035313
1035707
1037378
1038222
1038327
1039037
1040835
1041077
1041673
1042451
1042643
1042652
1044105
1044262
1046510
1046675
1047049
1047729
1048099
1048212
