1053
4836
5607
14331
15295
17588
18013
18568
19557
23797
25488
28082
29443
29884
32340
33506
35365
35423
37345
37841
38180
39375
41990
45174
45629
49970
51343
52410
53058
53343
54647
56116
59741
59752
59940
61691
62656
63255
64497
65573
66636
72320
76752
84001
96108
100184
101563
104303
108175
110043
111294
113081
113818
114027
115670
115725
117863
119082
123240
124742
125603
127377
128015
133562
134479
139852
142803
142997
146897
147603
149086
150609
152208
153022
154354
154411
154858
155231
156039
159324
160196
160988
167296
171255
171637
174022
176749
177651
179736
181595
182332
183638
186516
188543
188856
194180
195151
195586
197484
198544
198728
198755
199471
201911
205599
210768
213547
216467
220846
223792
225203
226866
229959
231331
231850
233891
238639
239628
239933
240115
248590
249085
256822
260299
262075
262099
262241
262765
264262
265107
265950
268718
273836
274524
276911
282089
284449
284631
286834
297525
300568
303227
305750
306986
309674
311782
311918
312082
316853
320872
321226
321329
324281
333744
337471
339300
347023
348572
348878
349577
350159
350812
356284
357124
357500
357770
360343
364073
366636
367327
368397
371278
372681
373191
381582
384332
390338
392242
394007
396809
398983
400692
401173
403556
404008
405266
408621
409680
409983
411693
413931
415213
415562
418671
419490
420083
420462
425536
425637
427019
427602
427777
431046
431631
431982
434553
435102
436723
438296
442840
444045
445006
446062
446117
447790
450116
451373
451485
451539
456392
458578
464165
466082
466481
468665
471322
472140
475205
475737
477339
484402
487856
490611
495209
498436
500136
500313
502986
505494
508314
509586
511569
513354
513467
514323
515763
515797
519153
521430
524179
524697
528902
529368
531888
532105
532252
532622
533828
535075
535896
540991
545485
545955
548691
550096
550687
555704
559715
559809
561349
565346
566469
569170
569278
571823
572206
572372
577951
578106
581936
583330
584435
590010
595443
595550
598725
601003
604802
610830
615869
617234
619365
619432
619885
620932
621257
623951
628661
631378
632091
634616
634726
639533
642127
643972
644633
645270
648925
649930
652537
652845
655824
662014
662386
662696
667635
667641
667760
668697
668858
668927
671424
673044
674031
674746
676131
678634
679169
679638
681681
681937
682261
686984
687805
688535
688601
693676
696005
696011
703292
706403
707775
709158
710359
711167
711222
711698
713189
719403
725061
726144
727422
728819
730229
732574
734199
735783
737148
737795
738607
744404
745607
748252
753948
754185
758778
759758
760152
762579
765170
765462
766872
772114
778795
781902
782031
782857
783018
784213
787788
788547
793096
798206
804853
805290
805311
806093
807327
809723
811633
811686
814205
816204
819545
824738
825253
827909
829058
829791
829871
832925
835554
836410
837684
838162
842939
843137
848637
850681
852976
856909
857950
864051
870743
876753
878149
879341
881372
881433
882393
882977
884431
884462
884608
886434
886973
887497
888414
889454
889945
894540
898260
898935
899963
902208
904404
904577
906430
907218
911930
913296
913918
914639
915250
915611
918493
922314
922478
923742
923910
927312
927719
930725
934742
936541
942303
945949
954221
954236
954552
956191
956527
959808
960365
972782
973183
975755
978524
982244
982245
983946
984216
984433
988008
988288
988990
989615
990324
991225
991368
993399
996372
1000311
1000424
1000520
1003605
1004179
1004755
1007953
1014159
1014616
1015140
1021626
1022441
1023147
1023745
1025682
1026396
1029221
1030191
1030493
1031882
1034701
1034722
1035313
1039037
1041673
1042643
1042652
1044105
1046510
1048212
