21
65
182
352
421
551
561
671
676
893
964
1127
1445
1529
1852
2189
2270
2394
2512
2556
2746
3590
3764
3907
4138
4194
4278
4414
4444
4499
4628
4755
4811
4823
4998
5369
5483
5522
5756
5850
5920
5959
6053
6570
6574
6625
6768
7057
7091
7096
7326
7491
7609
7775
8000
8264
8290
8310
8550
8725
8895
9075
9206
9351
9569
9622
9853
9873
10178
10379
10422
10440
10453
10487
10680
10780
10925
10935
10936
11252
11298
11547
11720
11835
11955
12548
12751
12829
12981
13128
13229
13298
13375
13572
13605
13650
13703
14154
14233
14255
14267
14279
14331
14701
14827
15058
15072
15279
15356
15444
15618
15652
15725
15982
15983
16077
16099
16351
16424
16520
16527
16628
16651
16695
16769
16821
17029
17179
17251
17444
17732
17810
18031
18164
18372
18393
18506
18533
18876
18976
19100
19135
19411
19546
19566
19571
19695
19864
19928
19961
19978
19988
20088
20167
20217
20273
20368
20405
20485
20737
20847
20887
21118
21120
21150
21216
21755
21984
21991
22050
22096
22352
22385
22566
22762
22781
22787
22802
22877
22922
23183
23200
23317
23405
23413
23680
23873
23901
24057
24295
24324
24538
24560
24744
24808
25026
25219
25304
25380
25491
25535
25665
25867
25882
25935
25960
25981
25998
26032
26103
26154
26367
26414
26731
26860
26860
27076
27136
27181
27242
27307
27599
27683
27720
28062
28140
28480
28502
28544
28675
28810
28824
28891
28938
29001
29313
29400
29941
30014
30147
30169
30233
30335
30634
30800
31003
31130
31183
31255
31278
31992
32002
32098
32266
32285
32567
