5447
7129
39060
52637
54803
62332
64015
68986
70337
74652
81864
82015
82908
95494
96986
115844
141855
151334
153025
162016
169675
172565
180454
195907
197218
205087
214195
218268
224264
226542
245600
267818
269395
275384
287868
291389
295899
304754
313198
338351
365425
374546
379857
392067
392479
399511
399889
400093
411795
421938
434679
438188
447523
467075
488543
493977
502551
512513
515191
521146
521450
525273
538108
550444
552332
572646
577833
578978
584275
590439
593866
602045
607888
624570
628251
642320
644040
650958
659452
682244
706795
710458
710586
712832
719934
726384
732926
733210
740336
745868
755623
760988
762885
767471
770055
786314
790496
811763
813043
814819
814953
823800
829456
832577
843548
855712
856489
864271
887817
891740
892364
897451
897589
905498
918213
921113
921929
922271
961286
964014
976836
981901
998526
1006521
1010594
1028904
1038361
1042805
