395
2208
3302
5447
6457
7129
8394
8763
9257
9501
10274
10447
11741
12811
13709
13762
13913
14080
14767
14972
16061
16934
18199
21455
21498
23297
24977
26002
27657
28489
32883
32902
33117
34589
34769
34867
35137
35219
37435
37550
39060
39406
40944
41478
44366
44881
48695
49363
52187
52637
52828
53034
54803
57207
62332
62612
62886
63408
63568
64015
65197
66190
66531
66728
67502
67971
68810
68986
69006
69250
69477
70337
71129
72215
74652
75284
75572
75615
76631
77222
77400
78690
80343
81503
81864
82015
82173
82908
87737
88040
88661
89249
89777
90447
91571
92054
92386
92563
93359
94178
95494
95544
95836
96986
97091
98083
98147
99739
100316
101933
104084
110687
110907
111212
111868
114767
115844
116650
117297
119737
123018
123061
124852
126807
127872
130590
131302
134210
134718
136891
138139
138590
138731
139043
141159
141500
141855
143242
143529
143825
146179
146787
147534
148255
150972
151334
153025
155438
156030
158290
161015
161437
162016
164641
165203
166333
166773
167171
168007
169673
169675
170102
170980
171038
171286
172496
172565
175435
176435
178511
179789
180139
180454
181256
181578
182004
183029
183264
183834
184231
184286
184341
187521
187871
189836
191902
191937
192994
194427
195907
196180
197218
205087
205338
205385
206674
206966
207910
209234
209892
214007
214195
214913
218268
219002
219768
220341
222738
223157
223210
224264
225467
226542
227560
227865
228487
229457
231367
233956
234973
235061
238360
238612
238700
239689
240120
240299
240566
240703
241382
243175
243519
244258
245600
245838
245969
248970
250974
251576
252965
254156
256757
257491
258703
260709
261896
263780
264878
265356
266091
266124
266679
267726
267818
269136
269395
270126
273910
275183
275384
277383
277547
279551
281959
281966
282747
283701
283997
284199
284371
284651
285371
285445
286140
286419
287241
287868
288493
288706
289095
289680
289730
289938
289957
291389
291655
292585
295802
295899
296305
298063
302355
302712
302780
302836
304556
304754
305194
305980
307198
307368
309102
309631
310525
310919
311312
311431
311567
313198
314225
314441
314934
315721
317836
319918
320461
321440
321494
322320
323084
323131
323817
328016
328784
328997
333908
334639
338351
341206
343763
343939
344067
345076
346139
346251
348118
348523
349142
350572
350636
351474
351802
352100
352453
355332
357446
358004
358152
358821
359622
361175
361954
365104
365384
365425
366592
368151
369928
371483
372902
372995
374047
374546
375111
375206
376850
377190
377591
377661
379341
379857
382731
384039
384437
384445
386688
386755
387136
388014
388494
388641
391132
391702
392067
392315
392441
392479
393727
395492
395500
399107
399143
399511
399889
400093
401959
403193
404013
407774
407955
408264
411578
411795
412304
413614
413743
414650
417258
417538
418214
418753
419513
420085
420549
421645
421938
422196
423360
425009
425880
427061
430505
432532
433124
433626
434575
434679
434927
435307
436471
437002
438188
438504
440598
440755
441539
442965
443326
443552
445331
446935
447523
447762
448238
448513
451373
452684
453581
455697
455807
456464
456619
456771
457774
459745
462244
462982
464740
466463
467075
479501
479979
480629
481468
481592
483807
483836
484461
484875
486766
487875
487932
488543
491611
493232
493862
493977
494278
494439
496089
498637
498777
499773
500346
501069
501881
502551
506235
506996
507959
509489
509888
512513
512642
513240
513967
514634
515191
515193
515918
516311
516617
521146
521450
525273
525536
526653
527638
530489
534660
536878
538108
538407
538663
539514
540494
540624
540775
542571
542593
543617
543943
545036
547383
547782
549204
550444
551551
552332
552639
553732
554019
556174
557130
557341
557367
557477
557698
557863
558462
558590
561756
563145
564151
564400
565164
565631
568410
570215
570500
570692
571076
571243
571558
572090
572575
572646
572677
573735
577141
577833
578304
578947
578978
579205
580247
581680
584210
584275
585217
586199
587872
590054
590439
591048
592240
592711
592789
593283
593866
594257
594563
595011
595606
597199
598050
599406
602045
602129
604156
604912
605963
606181
606666
607888
608657
609662
610796
611100
612571
615563
618363
621542
621773
622162
622436
623127
624313
624570
625791
627266
628251
628583
628928
630538
634909
635892
636992
638123
639514
640278
642320
642410
644040
645696
646126
648531
650225
650958
652372
653142
653506
653941
657015
658398
659452
659545
659767
660237
660526
661450
662949
664261
664561
666152
671536
671613
675409
675983
676311
676834
676846
677296
677977
678615
679294
682244
682845
684173
685266
685350
685822
686087
687242
687962
688462
689338
689844
690252
692858
693155
693392
697181
697901
698527
698960
700174
702443
704683
704829
705904
706795
708242
710458
710586
712832
712854
712989
713915
714607
714686
714981
718803
719934
721541
721557
721851
722856
723198
723775
724946
726384
730236
731149
731970
732591
732926
733210
734169
735812
736576
736695
738687
739395
739527
739723
740336
742021
742452
743314
743480
745446
745718
745868
746006
746707
747472
747847
748285
748438
749101
755408
755623
756782
757232
758476
759126
759838
759862
760099
760988
761377
761616
761770
762732
762885
763042
763094
763139
767471
768432
769159
769746
770055
771957
773064
773519
776656
776908
777865
779033
779425
779729
779809
780986
781282
783510
785662
786314
788678
788759
790496
793336
793809
794265
794275
794702
795151
796477
797354
799554
799685
799727
799817
801196
806596
807227
807435
807495
807833
810766
811763
812831
813043
814218
814819
814923
814953
816477
817201
817465
819019
821270
822750
823800
825581
827802
828507
828831
829300
829456
830437
831305
832577
832760
835147
836529
837877
840218
842923
843548
843865
844090
845383
846598
847424
847603
848454
848945
850648
851138
851394
851450
851559
854922
855648
855712
856489
856828
859703
860313
860756
861348
862032
864073
864271
865232
865532
865997
867954
868021
871330
877473
879639
880364
881038
881561
887451
887817
887925
888091
888245
888323
889392
891740
892364
895348
895718
896267
897221
897451
897589
898624
899335
899633
905498
906377
909952
912750
913088
914562
916206
916528
917941
918102
918213
918556
918568
918606
921113
921929
922271
922444
923101
923237
923608
923880
924331
924569
924863
925385
927210
930410
932484
932997
933825
934185
934605
935350
935981
937211
937390
940596
942181
943000
943951
944985
946717
947276
948998
949433
950018
951584
953030
953144
953293
954602
954878
955671
955809
956794
956852
958274
959463
959489
959673
961150
961286
962345
964014
965383
969967
971422
971921
972308
972607
972997
973284
973337
974348
974940
976836
977562
978848
981057
981419
981826
981901
982595
985058
987509
987762
988687
989663
991162
993047
993887
994708
995180
995268
995382
998526
998879
1000646
1001042
1003181
1003450
1004103
1006127
1006521
1007947
1009152
1010294
1010594
1010628
1011159
1011332
1013619
1014032
1014266
1015566
1019970
1020027
1021554
1021807
1022466
1024440
1024609
1025060
1025061
1025127
1026589
1027889
1028753
1028904
1028968
1030222
1030415
1031791
1034638
1034777
1036473
1036797
1037795
1038164
1038361
1038929
1039293
1039380
1041507
1042382
1042805
1043051
1048153
