30
236
546
1053
1154
1428
1492
1659
1903
2536
2750
3129
3698
3789
4371
4474
4712
4774
4787
4836
5307
5607
5774
6312
6470
7207
7258
7647
8013
8192
8406
8576
8775
9941
10494
10618
10820
11385
11405
11441
11484
11677
11807
11876
12002
12431
12510
12681
12808
13079
13139
13704
14331
14714
15295
15355
16289
17110
17388
17588
18013
18365
18568
19350
19557
19997
20180
21754
21976
22448
23555
23565
23797
24021
24132
24191
24649
24716
25488
25609
25863
26578
27008
27411
27944
28082
28190
28297
28530
28830
28867
28880
29315
29443
29606
29884
29893
29906
30109
30479
30658
30773
30962
31141
31590
31679
31823
31977
32340
32647
33004
33506
33596
33952
34000
34458
34701
34735
35091
35122
35189
35365
35398
35423
35621
35894
36031
36128
36662
36683
37101
37345
37589
37659
37785
37841
38180
38428
39317
39337
39375
39805
40037
40339
40513
40645
40703
40736
40946
40995
41020
41213
41360
41756
41972
41990
41998
42092
42184
42312
42353
42412
42447
42635
43079
43162
43362
43453
43552
44531
44847
44874
45055
45174
45629
45777
46266
46565
46922
46926
47192
47722
47728
48328
48525
48600
48666
49630
49917
49970
49990
50160
50314
50415
51243
51343
51740
51827
51919
52410
53058
53343
53442
53667
53689
53773
53872
54156
54239
54419
54647
54825
55385
55515
55685
55690
56089
56116
56123
56275
56386
56396
56423
56635
56662
56984
57278
57445
58008
58277
58626
58659
59711
59741
59752
59883
59940
60860
61300
61691
61928
61938
61969
62069
62232
62269
62326
62330
62656
62751
63255
63545
63558
64378
64497
64632
64758
64842
65573
65646
65698
66191
66555
66615
66636
66698
67774
67856
68321
68853
69105
69294
69395
69546
69551
69811
69877
70046
71339
71384
71656
71905
71985
72320
72645
72815
73575
73863
73900
73984
74479
74786
74840
74877
75225
75275
75843
76007
76179
76183
76309
76489
76528
76594
76752
76824
76876
77054
77265
77319
77324
77356
77746
77794
78074
78138
78220
78263
78681
78798
79383
79444
79642
79843
80541
80740
80992
81756
81887
82755
82762
82777
82777
82852
82972
83017
83041
83505
84001
84341
84551
84804
85281
85743
86953
87539
87679
88594
88738
88875
89680
90149
90267
90315
90335
90385
90511
90873
90944
91446
92067
92354
92437
92513
92608
94051
94213
94617
94738
94916
94971
95219
95286
95703
95869
96052
96108
96414
97344
97606
97840
97857
98160
98211
98329
98345
98371
98582
98655
99580
100184
100585
100632
100898
101086
101115
101280
101563
101565
101674
101772
101916
102289
102558
102582
102712
103121
103269
103739
104303
104440
104518
104611
104638
104692
104996
105200
105646
105700
105738
105803
106033
106306
107368
107459
107602
107655
108175
109071
109140
109164
109466
109759
110043
110183
110290
110291
110574
110721
110785
111294
111315
111964
112061
112417
112496
112811
113081
113168
113325
113710
113782
113818
113855
113934
114027
114125
114467
114696
114886
115561
115670
115725
116073
116920
117064
117310
117453
117721
117743
117863
118316
118383
118512
118787
118975
119076
119082
120489
120714
120852
121210
121485
122146
122235
122304
122674
123015
123240
123379
123762
123765
124043
124073
124291
124301
124510
124576
124742
124774
124781
125173
125603
125773
127377
127500
127804
128015
128115
128121
128210
128261
128298
128738
129137
129486
129790
130457
131306
131616
131730
131768
132189
132616
133283
133507
133562
133664
133682
134134
134270
134438
134479
134520
134572
134586
134639
135289
135725
135827
135891
136247
136248
136271
136324
136528
136776
136812
136820
136936
137311
137527
137718
138246
139575
139670
139852
140046
140335
140377
140437
140625
140864
140865
141837
142141
142171
142211
142324
142537
142803
142962
142997
143024
143349
143401
144411
145424
145721
146022
146097
146170
146512
146831
146897
146955
147603
147869
148048
148098
148272
148778
148980
149086
149107
149162
149271
149499
149922
150218
150232
150506
150609
150769
150830
150875
150949
151034
151511
151726
152004
152066
152208
152492
152597
152850
153022
153031
153404
153982
154354
154411
154745
154858
155037
155161
155231
155293
155293
155715
156039
156181
156227
156608
156705
156987
157078
157550
158499
158518
158638
158851
159039
159101
159257
159322
159324
159660
160196
160441
160516
160621
160727
160910
160988
161082
161538
161611
162139
162278
162439
162565
162635
162841
162881
164238
164817
164928
165064
165069
165149
165295
165713
166207
166455
167011
167048
167296
168155
168767
168792
169057
169203
169386
169691
170077
170082
170204
170272
170524
170571
170602
170922
171255
171637
171887
172001
172105
172415
172540
173080
174022
174441
175180
175505
175912
176018
176749
177146
177500
177651
177668
177682
177867
178174
178721
179322
179369
179553
179736
179954
180105
180390
180445
180616
181123
181242
181587
181595
181919
182152
182200
182259
182332
182810
183135
183638
183865
183941
183952
184037
184405
184614
184630
184674
184795
184949
185650
186142
186516
186928
187040
187691
187857
188253
188543
188810
188856
189183
189548
189657
189662
189880
190045
190158
190168
190255
190498
190889
191060
191365
191392
191527
192026
192207
193432
193698
193819
194150
194180
194476
194781
194853
195151
195480
195586
195641
196171
197484
197515
197737
197880
198190
198438
198544
198728
198755
198766
199471
199777
199825
200369
200961
201538
201911
201915
202884
203257
203263
203486
203584
203587
203689
203765
203896
203961
204080
204124
204202
204215
204384
204702
205020
205076
205145
205227
205276
205599
205710
206160
206308
206352
206716
206749
207096
207124
207142
207213
207394
207405
207510
207540
207634
207755
207892
207929
208174
208422
208885
209039
209267
209461
209760
210108
210620
210663
210768
210965
211022
211937
212005
212065
212116
212161
212527
212567
212828
212854
212934
213197
213208
213215
213256
213269
213306
213516
213547
213600
213823
214124
214826
215174
215377
216036
216058
216268
216277
216467
217086
217462
218538
218871
219008
219829
220345
220626
220846
221007
221109
221431
221445
221546
221607
221729
221729
221838
222028
222048
222080
222196
222470
222973
223606
223792
224122
225203
225368
225389
225661
225683
226866
226894
227260
227308
227415
227505
227551
227764
228092
228200
229015
229959
230151
230238
230918
231240
231325
231331
231377
231850
231927
232261
232281
232349
232624
232783
232859
233218
233833
233887
233891
233950
234180
234214
234269
234303
234655
234678
234792
234869
235563
235589
235670
236355
236388
236572
236697
236997
237029
237216
237269
237707
238357
238629
238639
238860
238896
239628
239717
239744
239773
239933
240115
240446
240831
240913
240985
241032
241441
241665
242138
242305
242354
242373
242474
242504
243370
244020
245117
245153
245245
245806
246096
246498
248010
248429
248554
248590
248946
249085
249202
249302
249691
250398
250429
250562
251027
251277
251420
251486
251560
253179
253744
253807
254521
254528
254572
254682
255643
256065
256822
257122
257194
257415
257462
257613
257798
257932
258396
258550
258658
258860
258966
258975
259010
260193
260293
260299
261119
262075
262099
262103
262241
262253
262311
262383
262561
262765
262896
262950
263179
263454
263934
264262
264665
265107
265207
265950
266217
266223
266719
266828
266893
267452
267587
267833
267884
267884
267908
268201
268480
268718
268955
269596
269962
270272
271416
271660
273592
273836
274011
274050
274274
274303
274524
274526
275503
275598
276050
276156
276425
276771
276911
277516
277549
277589
278329
278907
279498
279570
279796
279819
279975
280350
280603
280784
281125
281199
281451
281694
281745
282070
282089
282103
282414
282434
282453
282638
282745
282907
282998
283285
283309
283754
283939
284033
284449
284498
284542
284631
285441
285546
285947
286016
286123
286139
286166
286190
286514
286608
286691
286776
286796
286834
288216
288447
288524
288906
288951
289519
289539
289668
290237
290472
290473
290578
290820
290870
291000
291081
291092
291412
291606
291745
291794
292131
292384
292688
292873
293496
294489
295005
295024
295247
295650
295849
295858
296130
296415
296420
296648
296936
297109
297175
297318
297525
297682
298124
298329
298376
298395
298528
298924
299121
299411
300050
300204
300568
300936
301350
301361
302467
302636
302915
303227
303586
303692
303799
304028
304480
304768
304821
304854
305285
305326
305399
305549
305585
305750
306281
306327
306346
306869
306986
307626
307709
307973
307977
308862
309124
309160
309558
309659
309674
309814
309879
310377
310452
310978
311424
311457
311782
311918
311972
312082
312522
312605
312707
313612
313614
313639
313969
314304
314471
315012
315023
315034
315312
315654
315695
315739
315823
316048
316085
316459
316792
316810
316853
317201
317349
318421
318632
319049
319767
320269
320313
320443
320444
320721
320737
320795
320872
320943
321082
321226
321264
321273
321316
321329
321734
321777
321915
322842
322986
323021
323437
323656
323781
324098
324191
324281
324321
324339
324610
324765
324927
325313
325469
325717
326400
326444
326524
327522
327622
327750
328042
328376
328447
328655
329087
329328
329526
329908
330172
330317
330954
331070
331106
331243
331606
331636
332423
332825
333744
334448
334713
334765
335052
335215
335236
335292
335381
335413
335527
335641
335661
335714
335738
335810
335849
336584
336809
336965
337471
338359
338594
338953
339032
339300
339730
339751
340854
341580
341791
341999
342240
342740
342825
343093
343636
344187
344402
344782
344888
344942
345066
345188
345472
346320
346435
346728
346762
346789
347023
347041
347326
347931
348231
348572
348786
348840
348878
349065
349103
349577
349584
349638
349702
349899
350043
350159
350812
351003
351598
351866
351876
351941
352649
353311
353869
353999
354377
354391
354391
354531
355140
355202
355355
355516
355901
355923
356026
356284
356441
356536
356566
356860
357037
357113
357124
357404
357471
357500
357770
358685
358761
359102
359346
359375
359760
360343
360445
360870
361117
361214
361349
361793
361848
362095
362226
362351
362449
362460
362791
362921
362950
363046
363732
363749
363965
364054
364073
366636
367204
367325
367327
367389
367834
367895
368030
368188
368244
368397
368452
369047
369247
369441
369951
370468
370742
370745
370936
371102
371278
371318
372071
372095
372681
372694
372737
373168
373179
373191
373205
373295
373448
373655
373666
373924
374173
374556
374865
374985
375223
375697
376675
377055
377265
377386
377463
378807
378811
379285
379715
379736
380007
380340
380431
380672
380721
381471
381582
381588
381588
381795
381997
382002
382450
382748
382752
383106
383247
383855
384091
384225
384268
384332
384347
384370
384456
384662
384743
384965
385150
385302
385568
385864
386226
386474
387085
387407
388023
388308
388714
389151
389498
390338
390387
391169
391445
391760
392242
392308
392406
392496
392518
392730
392821
393064
393238
393776
394007
394279
394471
394719
395437
395904
395996
396004
396056
396248
396409
396809
396863
398047
398162
398259
398316
398560
398622
398881
398983
399014
399185
399230
400582
400586
400692
401066
401173
401201
401718
401730
401979
402662
402947
403191
403435
403472
403547
403556
403651
403944
403962
404008
404470
404582
405089
405266
406297
406479
406494
406686
406734
407185
407329
407519
407533
407585
407914
407951
408226
408528
408621
408750
408831
408885
409029
409222
409608
409679
409680
409926
409983
410129
410408
410658
410754
411476
411693
411879
412199
412213
412303
412619
413082
413204
413734
413931
414173
414744
415192
415213
415490
415562
415866
415986
416026
416537
416934
417296
417814
418671
418687
419490
419521
419526
419853
419917
419962
420083
420456
420462
420487
420636
421087
421837
422058
422159
422364
422612
422712
423347
423384
423914
424420
424642
425191
425536
425637
425863
426039
426275
426501
426653
426695
426936
427019
427602
427777
428161
428185
428654
428705
428764
428854
429047
429313
429838
430113
430356
430745
430975
431046
431129
431163
431377
431570
431631
431982
432505
432575
432872
432881
432885
432973
432982
433025
433489
433561
433708
434169
434553
434757
434779
434829
434898
435029
435034
435102
435233
435383
435409
435643
435939
436723
436785
436882
436942
437032
437087
437279
437451
437635
438086
438296
438643
438760
439502
439602
439739
440486
440621
441118
441242
441286
441758
441964
442330
442840
442917
443239
443323
443705
444022
444045
444064
444153
444314
444717
444887
444947
445006
445052
445129
445166
445172
446062
446117
446335
446974
447000
447790
448008
448481
449132
450116
450383
450707
450789
451129
451373
451485
451539
451934
452269
452512
452778
452785
454473
454800
455133
455672
456392
456559
456849
457542
457739
457845
458225
458238
458578
458692
458866
458926
459157
459334
459361
459436
459529
459883
460134
460422
460552
461936
461987
462020
462249
462675
463476
463479
463916
463991
464026
464165
465115
465828
466082
466338
466355
466481
466939
467433
467617
467623
467702
467847
467958
468473
468665
468709
469592
470429
470525
470980
471101
471322
471432
471675
471712
471719
472140
472403
472436
472566
472721
472932
473062
473108
474127
474573
474807
475025
475205
475373
475419
475467
475719
475737
475822
476505
476519
477046
477201
477306
477339
478136
478165
478608
479085
479144
479439
479674
480016
480178
480386
480545
480608
481180
481193
481266
481779
482100
482461
483838
483850
483960
484005
484029
484099
484162
484402
484653
484784
485050
485229
485694
485860
486136
486382
486584
486615
486996
487119
487149
487529
487546
487642
487856
488141
488292
488505
488549
488677
488951
489166
489168
489440
489525
489987
490016
490061
490245
490458
490611
491166
491271
491610
491894
492280
492387
492488
492808
492944
493220
493545
493851
493991
494069
494761
494940
495097
495139
495147
495166
495209
495332
495797
496294
496295
496391
496599
496604
497022
497170
497221
497648
497701
497718
498324
498364
498436
498672
498982
500136
500313
500490
500864
500915
501104
501178
501279
501282
501539
501811
501872
501987
501993
502898
502986
503110
503218
503279
503360
503506
503770
504173
504597
505296
505445
505494
506034
506257
506627
506832
507092
507140
507153
507394
507505
508078
508093
508314
509405
509488
509498
509586
510270
510569
510830
511032
511171
511230
511569
512455
512621
512694
512704
512796
512943
513147
513182
513354
513411
513467
513766
513986
514117
514170
514273
514323
514430
514763
514965
515123
515301
515763
515797
516363
516609
516698
517527
517774
518046
518064
518263
518388
518639
518668
518687
519153
519354
519560
519586
520289
521292
521372
521430
522149
523002
523109
523233
523483
523647
523755
523916
524080
524179
524697
525505
525645
526777
526877
526979
527362
527618
527962
528046
528109
528208
528902
529005
529108
529368
529601
529737
529912
530775
531396
531419
531878
531888
532105
532252
532622
532775
533035
533536
533828
534013
534284
534536
534675
534962
535001
535075
535503
535702
535896
535953
536534
536620
537041
537343
537943
538307
538432
538542
538741
539458
539460
539628
539935
540396
540781
540991
541465
541850
541940
542012
542168
542437
542504
542623
542744
542851
543137
543181
543294
543465
543870
544133
544802
545447
545448
545485
545901
545955
546306
547359
547568
547617
548049
548117
548376
548463
548614
548691
549179
549238
549571
549784
549921
550024
550054
550096
550203
550204
550687
552278
552380
552695
552752
552844
553442
553514
553569
553725
553873
554149
554452
554872
555215
555256
555350
555704
555784
555895
556167
556334
556453
557215
557447
557498
558408
558447
558490
558537
558612
559715
559809
560395
561022
561349
561690
561845
561927
562271
562313
562408
562618
562745
564178
564532
564564
564714
565346
565451
565692
565811
565827
566353
566469
566596
567225
567590
567625
567893
568319
568688
569170
569278
569619
570131
570169
571175
571197
571210
571592
571823
571992
572206
572305
572372
572667
573055
573153
573346
573346
573916
574605
574999
575042
575060
575246
575429
575431
575432
575491
575518
575518
575692
575836
576157
576873
577123
577388
577588
577624
577625
577796
577951
578106
579499
579843
579993
580040
580709
581235
581241
581452
581487
581936
581993
582604
582788
582915
583330
583665
583921
584065
584357
584435
584491
584586
584870
585061
585435
585488
585562
585776
586637
586792
586919
587050
587134
587191
587596
587626
587784
587828
587866
588517
588662
589734
590010
590982
591120
592776
592894
593214
593352
593671
593750
593872
593883
594970
595126
595304
595443
595550
595585
595719
595724
595953
596079
596277
596346
596518
596645
596722
597034
597042
597630
598061
598195
598473
598725
599712
599728
600018
600423
600795
601003
601364
601901
602004
602258
603046
603046
603562
603612
603682
603811
603887
604314
604708
604762
604802
604881
605293
606680
606745
606920
607048
607134
607520
607632
607861
608396
608504
609150
609185
609722
610084
610437
610553
610830
611005
611185
611274
611538
611665
612382
612668
612812
612867
612983
613718
614170
614197
614363
614439
614677
614730
615543
615724
615724
615869
616194
616734
616828
617138
617234
617421
617561
617581
618290
618612
618999
619365
619432
619472
619624
619625
619764
619885
620548
620932
621257
621260
621883
621944
622256
622269
622422
622543
622744
623336
623951
624368
624509
624665
625159
625685
625794
625961
626234
626262
626339
626694
626969
627139
627701
628154
628355
628394
628661
629511
629987
630110
630589
630661
630755
631378
632091
632363
632419
632469
632472
632512
634616
634726
634757
635409
635533
635990
636200
637153
637330
637757
637768
638056
638714
639045
639533
639558
639859
640376
640850
641120
641498
642127
642237
642437
642677
643009
643173
643586
643741
643972
644035
644293
644633
644969
645270
646229
646238
646269
646285
646636
647202
647432
647919
648200
648500
648565
648600
648925
649564
649930
649963
650044
650400
650682
650809
652032
652166
652304
652537
652614
652629
652845
652979
653338
653935
653958
654398
655010
655239
655710
655824
655879
656086
656358
656681
656906
657081
658088
658893
659517
659636
659746
660857
661147
661271
661348
661365
661680
662014
662206
662214
662335
662366
662386
662638
662696
663962
664141
664661
665083
665109
665149
666671
666945
667072
667101
667635
667641
667685
667760
668072
668131
668245
668275
668278
668697
668858
668927
668951
669425
669519
669888
670265
671424
673044
673103
673893
674031
674371
674457
674680
674746
674831
675370
675451
676131
676199
676427
676536
678634
679169
679234
679312
679509
679638
680953
681007
681138
681681
681937
681940
682147
682169
682261
682406
682629
682863
682964
683037
683132
683485
684009
684299
684328
684437
684600
684781
685635
685648
686235
686943
686984
687030
687036
687104
687215
687347
687400
687805
687808
688041
688074
688303
688535
688541
688601
689398
689659
690109
690702
691239
691381
692484
692487
693108
693207
693369
693676
693728
693743
693934
693944
694033
694583
694971
694978
694980
695324
695420
695454
695687
695888
696005
696011
696454
696488
696795
697297
697539
697764
698139
698937
699207
699352
699553
700109
700347
701230
701738
701959
702052
703027
703283
703292
703404
703867
704127
704592
704779
704974
705165
705357
705487
705511
705676
705698
706403
706767
707144
707254
707650
707775
707937
708361
708838
709158
709240
709623
709987
710359
710384
710506
711162
711167
711222
711410
711679
711698
711780
712263
712407
712911
713076
713189
713251
713812
713974
714299
714391
715482
715845
716425
716835
716876
717009
717276
717480
717510
718091
718144
718509
718717
719403
719640
720022
720058
720101
720251
720394
720447
720684
721154
721388
721404
721626
721674
721858
721928
722020
722086
722360
723583
723987
724073
724743
725061
725887
726144
726685
726743
727049
727422
727804
728671
728819
729012
729251
729393
729645
729729
729803
729881
729956
730229
730493
730655
730938
731086
731378
731777
732254
732574
732843
732887
733033
733326
733550
734157
734199
734230
734516
735691
735783
735954
736385
736421
736784
737000
737148
737382
737649
737753
737764
737795
737996
738607
738867
739002
739433
739673
739704
740239
740711
740773
740890
741048
741535
741664
741686
741742
741819
742351
742406
743104
743987
744115
744404
744457
744911
745096
745607
745611
746526
746559
746812
748252
748255
748749
748773
749190
749852
750038
750176
750177
750537
750732
751532
751954
752009
752072
752124
752687
753073
753590
753948
753998
754121
754185
754289
754473
754573
754942
755046
755698
756084
756200
756629
756737
756910
756962
757400
757822
757914
758102
758778
759212
759376
759428
759531
759636
759758
760152
760223
760305
760386
760412
760655
760913
761203
761229
761403
761431
761815
761825
762009
762284
762318
762403
762480
762579
762782
763030
763793
764328
764677
764920
764932
765041
765170
765462
766466
766470
766516
766872
767274
767640
767669
768014
768031
768729
770088
770233
770397
771706
771720
772024
772114
773212
773434
773719
773883
774167
774204
774786
774881
775035
775631
775801
776049
776508
776731
776858
777138
777445
777470
777856
777987
778026
778410
778660
778732
778791
778795
779004
779052
779386
779427
779462
779707
779765
780134
780318
780528
780826
781902
782031
782158
782824
782846
782857
783018
783179
783179
783266
783767
783792
784213
784672
785029
785086
785314
785719
785768
785858
786070
786762
787431
787432
787456
787788
787899
787988
788547
788766
788825
788864
789207
789502
789811
790476
790657
790907
791408
791799
791897
793096
793185
793358
793383
793645
793668
793880
793909
794519
794588
795071
795381
796102
796218
796266
796288
796295
796721
797463
797740
797796
798041
798206
798370
799203
799252
799365
799464
799717
800497
800582
800678
800746
800857
801075
801337
801466
801642
802192
802492
802518
802752
802756
802782
802832
802862
802911
803037
803090
803266
803311
803340
803897
803956
804195
804271
804273
804364
804411
804826
804853
804867
804902
805122
805290
805311
806093
806242
806289
806317
807087
807327
807415
807737
807773
807818
807859
808148
808313
808606
808874
808970
809265
809723
810109
811336
811633
811676
811686
811732
811985
812365
812608
812647
812787
814104
814116
814205
814235
814323
815543
816036
816163
816173
816204
817184
817443
817447
817595
818080
818173
818853
819041
819391
819545
819779
819794
819927
820066
820083
820691
820904
821124
821292
821298
821914
822571
822750
823007
823535
823815
823926
824628
824669
824738
825253
825327
825602
825726
826176
826512
826563
827685
827834
827909
827986
829058
829434
829791
829850
829853
829871
830075
830454
830521
830629
830852
830880
831029
831737
831831
831901
832162
832189
832479
832925
833287
833313
833505
833589
833913
834412
834523
835377
835554
836147
836404
836410
837684
837707
838162
838217
838462
838465
838969
839019
839111
839838
839852
839891
840537
841102
841465
841674
841793
842125
842330
842468
842939
843037
843137
843550
844340
845097
845791
845898
845955
846320
846645
847390
847442
848091
848123
848411
848549
848584
848637
849334
850028
850088
850102
850293
850639
850681
850928
851369
851696
851807
852245
852628
852637
852734
852976
853056
853331
853352
853785
853807
854666
854812
855154
855220
855426
855434
855733
855862
855944
856023
856096
856220
856276
856306
856312
856732
856842
856909
856975
857042
857543
857548
857592
857950
858089
858232
859071
859297
859381
859400
859530
859920
859921
860053
860340
860492
861706
862196
862720
862943
863078
864001
864051
864847
865069
865133
865321
866502
866613
866617
866889
866961
867153
867161
867304
867574
867913
868162
868443
868494
869162
869278
869594
869650
869944
870108
870147
870343
870368
870559
870743
870998
871428
871445
871560
872015
872221
872455
872500
872887
873131
873293
874210
874304
874344
874462
874470
874594
874662
875036
875545
875660
875708
875807
876753
876769
876831
877133
877267
877950
878149
878292
878327
878437
878464
878775
878902
879052
879160
879341
879619
879756
879886
879908
880031
880033
880284
880486
880498
880560
880657
880809
881237
881372
881433
881878
881907
882393
882899
882977
882983
883204
883607
884304
884431
884442
884462
884608
885403
885609
885646
885928
886170
886319
886434
886871
886973
887149
887258
887291
887497
887513
887559
888029
888414
888458
888511
888983
889090
889454
889517
889945
890141
890527
890842
891167
891307
891349
891685
892012
892316
892882
892889
893201
893278
893604
894004
894523
894530
894540
894814
895190
896648
897238
897628
897755
898023
898215
898260
898304
898339
898397
898935
899268
899482
899838
899963
900135
900326
900362
900562
900629
900648
900834
900864
901170
901280
901522
901680
901726
902208
902519
902574
902731
902755
903289
903399
903408
903683
903955
904020
904302
904404
904577
905278
905350
905652
905800
905982
906413
906430
906563
906613
906778
906799
906997
907032
907125
907163
907218
907458
907901
908179
908198
908331
908476
908483
908496
908538
909196
909618
909803
910101
910401
910751
910896
910954
910974
911272
911587
911930
911960
912205
912520
912722
913296
913918
914639
914727
915091
915250
915423
915611
915736
916141
916890
917377
917482
917582
917756
917796
917826
918493
919136
919660
919958
920110
920267
920554
920850
921181
921246
921275
921557
921637
922243
922314
922402
922478
922493
923742
923772
923910
924003
924289
924315
924686
924841
924988
925121
925202
926488
926568
926649
926922
927291
927312
927550
927719
927764
928291
928328
928554
928611
928951
929277
929876
929883
929939
930406
930489
930595
930725
930851
931628
931741
932156
932616
932692
932698
932792
933482
933486
933603
934344
934524
934742
935038
935214
935301
935374
935481
935573
935590
935650
935785
936218
936304
936541
936800
937200
937553
937585
937607
937640
938067
938078
938933
939001
939182
939220
939227
940014
940376
940623
940865
941404
941423
941768
942212
942303
943145
943312
943897
943939
944027
945893
945942
945949
946249
946290
946573
947024
947558
947770
948204
948476
948566
948726
948762
949130
950003
950722
951364
951517
952027
952815
952912
952979
952988
953147
953508
953658
954221
954236
954340
954511
954552
954642
954678
954700
954984
955142
955180
955193
955620
955796
955855
955873
956105
956191
956222
956527
956542
956631
956796
956955
957007
957292
957817
957820
958245
958556
959044
959047
959136
959428
959582
959808
960313
960365
960757
960762
960973
961681
961999
962323
962798
964653
964886
965218
966337
966517
967184
967370
967940
968410
968514
969053
969191
969310
969396
969587
969870
970000
970291
970603
970959
971280
971491
971996
972088
972378
972579
972679
972782
973183
973395
973500
973500
973545
973706
973853
974473
974837
975110
975197
975359
975408
975474
975704
975755
976345
976425
976543
976621
978233
978524
978680
979007
979093
981205
981227
981382
981843
982244
982245
982745
982961
983438
983745
983946
984216
984433
984446
984766
984850
984928
985052
985214
985338
986024
986320
986800
986931
987377
987685
987990
988008
988288
988358
988698
988826
988935
988984
988990
989076
989280
989615
989826
989919
990153
990324
990621
990703
991225
991368
991914
992355
992422
992444
992822
993108
993188
993380
993399
993744
993811
994146
994185
994526
994592
995405
995468
995566
995932
995965
996342
996351
996372
996929
997067
998038
998063
998407
998536
998836
998863
999042
999095
999241
999318
999770
999839
1000091
1000213
1000243
1000295
1000311
1000424
1000477
1000520
1000895
1001017
1001021
1001051
1001148
1001457
1001567
1001610
1001625
1001978
1002090
1003605
1004179
1004561
1004603
1004701
1004707
1004755
1004794
1004833
1005189
1005938
1006603
1006797
1007367
1007953
1008045
1008204
1008320
1008960
1009195
1009572
1010375
1010392
1010399
1010657
1010848
1010871
1010990
1011258
1011492
1012417
1012477
1012495
1012903
1013084
1013107
1013394
1013620
1013854
1013878
1014159
1014191
1014226
1014399
1014616
1014912
1015140
1015579
1015591
1015965
1016555
1016715
1016834
1016892
1017162
1017360
1017429
1017497
1017637
1018074
1018111
1018971
1019375
1019473
1019926
1020158
1020894
1021626
1022065
1022382
1022441
1022904
1023147
1023180
1023466
1023467
1023534
1023745
1023746
1024126
1024496
1024898
1025165
1025215
1025682
1026396
1026662
1026877
1026943
1026978
1027488
1027954
1028796
1029104
1029221
1029265
1029832
1029992
1030031
1030191
1030493
1031476
1031720
1031882
1032728
1032737
1032777
1033156
1033836
1034338
1034701
1034722
1034762
1034878
1034911
1034984
1035123
1035313
1035329
1035707
1036123
1037378
1037770
1038222
1038327
1039037
1039418
1039533
1039665
1039952
1039958
1040007
1040530
1040835
1041077
1041234
1041405
1041673
1042451
1042601
1042643
1042652
1042730
1042924
1043027
1043098
1044105
1044206
1044262
1044977
1045508
1046510
1046675
1047049
1047407
1047729
1048099
1048212
1048320
