1342
1514
1799
2679
4075
4299
4698
5323
5523
7493
7567
8577
11293
12321
16313
16645
16809
18829
23714
29164
33046
33941
38900
41627
44786
47614
56333
59141
60718
67284
68024
69899
71330
74671
75219
75637
76689
78106
78568
78594
80435
80493
80586
89172
89890
92546
93950
98396
100053
101771
102758
106652
119676
120431
125722
128604
130473
132449
135252
135414
138019
142674
143941
145721
147632
148165
149399
152415
153143
155935
162795
165866
166156
169732
170219
170463
171472
173636
174754
181286
182610
182651
182672
184609
187992
192858
196165
196632
198228
203421
206437
206545
206893
207795
210996
211496
212509
214392
215615
215828
216327
217214
218482
219414
219828
220844
220852
220968
223172
224366
224910
225362
229330
229716
232396
236830
239338
239576
241454
246143
247161
249343
252499
255370
257021
262250
264596
268071
268122
270578
270851
274278
274448
276011
276173
279237
284674
285183
285350
286653
286999
288757
289121
289583
289966
291516
292200
292271
297315
300018
303983
307058
307347
307853
308068
309367
310123
312528
315520
317005
318398
319154
323183
323204
324886
326038
329518
331129
332201
334037
338075
338383
338960
339634
343161
344493
345913
352986
353083
353298
357153
358743
361645
362170
362994
363094
365534
365657
365956
374163
375535
375825
377002
378494
380325
382920
384329
385667
386924
390386
391969
395337
396749
397487
399942
401650
402606
404409
410273
412054
418622
422144
422551
422984
423893
427121
428233
429387
432094
434980
437511
437947
439454
440360
442877
444462
445850
446346
452803
453030
453155
455998
460485
462316
466536
469446
469715
470144
473811
475538
482229
483168
484502
488212
488240
490767
495298
495665
501876
508593
508602
509273
509362
510473
512063
512587
517109
522350
522410
523200
524808
526733
528335
530685
531086
531281
534886
536890
537012
539424
541034
543759
548294
550652
553545
553745
556957
562962
567924
569076
572518
572931
575941
578549
578873
581252
588038
590696
592821
593156
593577
593940
596860
597154
598975
606342
607030
607306
608465
609350
610037
611123
611685
612658
614596
615495
617893
620546
622417
623607
625677
627309
631197
634284
635216
639366
640456
643212
648318
648876
655523
655779
657974
659847
660726
665190
665606
665723
665975
672163
672670
673376
676471
676987
677561
677983
678579
680814
682048
683084
683424
689311
693360
695833
696012
698848
708837
711162
711322
711909
714540
716362
716988
717738
719035
722803
724911
725868
727594
728498
733692
736182
737971
739619
740558
742341
744341
747295
747678
751837
753661
756251
759007
761974
762164
762378
768039
769058
769073
771942
772773
776804
782146
783436
792878
794789
795219
798723
799873
801301
801873
801932
803805
804306
804984
809484
809675
816853
817505
819611
822499
823881
825739
826925
827107
828208
829451
829580
832396
834668
835166
835815
838920
841211
841457
845917
852054
853718
854991
857595
862051
865255
865306
866222
866445
867623
872638
873816
878298
878568
878660
879885
880043
882334
884284
885652
890375
891205
893128
895086
901171
902327
902723
903650
903931
908388
912287
913535
915348
917202
926915
928759
933358
933957
934133
935425
937205
939484
939711
943385
944129
946583
947493
950063
953619
956215
956250
962417
962523
963705
963954
966904
967582
967946
969725
970418
972789
973350
974576
975082
976039
977090
978811
979645
981151
983432
989077
989749
990150
994352
994560
995144
995470
1001838
1002808
1006433
1008406
1010080
1016138
1019982
1022124
1022559
1023085
1025984
1027250
1027686
1029732
1030032
1030644
1030934
1031067
1034058
