500
175
478
544
489
628
467
103
228
657
277
432
237
389
575
246
104
126
619
391
186
514
512
70
677
649
160
425
505
518
187
244
22
177
475
450
331
144
240
622
576
620
35
203
17
66
572
196
284
18
287
411
555
192
573
455
205
348
320
161
441
236
513
225
16
30
596
482
162
499
171
570
67
448
319
340
261
311
296
460
92
125
420
41
654
74
304
357
558
651
608
231
251
117
252
639
560
585
291
591
586
656
308
93
440
388
200
531
58
137
623
396
457
629
414
223
123
250
407
302
146
378
663
183
367
167
598
504
298
458
273
393
597
336
635
612
637
57
197
387
100
599
640
257
386
502
272
468
345
618
538
689
611
693
118
594
81
630
76
421
655
501
31
519
443
279
564
699
134
212
176
174
698
178
409
116
583
226
301
684
377
238
400
343
526
208
602
182
80
362
155
327
595
288
549
75
659
600
521
292
517
462
426
670
45
638
37
648
661
25
617
692
694
305
190
259
590
113
607
82
151
11
166
671
29
211
372
562
286
281
65
101
603
255
248
582
23
68
51
403
316
253
471
213
424
283
109
148
642
269
142
290
615
406
201
667
546
185
53
410
574
299
483
360
587
128
428
60
217
149
13
554
438
97
550
498
242
384
433
520
543
96
627
44
488
395
168
106
382
625
442
524
114
14
452
325
484
84
337
61
354
89
143
624
381
613
262
69
616
646
110
669
350
606
383
133
342
260
361
413
294
318
464
445
326
136
264
347
62
222
610
418
243
85
437
500
405
686
355
537
52
439
87
408
593
235
63
485
218
436
556
650
662
463
552
480
665
678
338
195
88
297
385
38
276
79
141
487
553
679
557
56
28
685
427
193
366
54
330
55
24
91
339
21
179
429
474
309
690
680
364
604
129
71
230
204
206
511
138
249
673
472
122
417
86
486
214
189
49
232
124
666
198
542
33
492
39
268
636
683
691
172
40
274
589
584
239
135
169
64
522
491
180
658
423
380
527
121
323
263
536
559
34
307
15
12
234
275
525
152
369
130
351
334
119
165
163
479
227
551
157
459
352
233
588
312
278
632
127
73
26
159
295
419
548
370
535
78
510
341
254
314
329
154
503
509
631
626
494
578
191
271
435
621
592
506
150
270
469
256
363
