300
76
11
66
461
245
93
132
96
65
195
226
340
119
280
358
57
85
467
307
44
238
12
378
485
25
293
450
22
265
258
496
244
181
367
457
302
277
427
251
160
250
116
292
50
30
42
221
182
297
140
490
79
483
394
311
62
362
487
53
449
151
406
49
225
432
305
220
387
212
370
312
135
382
192
313
138
200
481
28
414
328
239
420
262
419
291
39
179
35
90
373
205
411
203
283
477
64
107
354
470
345
243
185
27
392
466
499
163
95
219
463
491
408
438
495
246
333
56
114
231
13
112
126
384
110
278
190
445
360
111
359
63
20
341
383
87
202
397
229
448
294
33
326
347
81
464
371
177
268
453
234
136
421
254
187
237
214
482
352
21
173
115
431
152
60
332
255
121
472
54
58
117
98
92
155
127
207
317
252
232
235
334
43
180
99
462
273
74
31
141
59
47
247
118
488
162
441
323
218
379
434
215
342
376
330
393
391
171
319
174
306
437
315
289
52
282
498
473
106
14
301
489
17
404
122
264
68
224
40
48
365
400
51
337
368
349
184
401
395
316
398
19
284
108
458
460
350
447
94
228
38
193
241
331
139
137
128
361
72
145
206
356
123
335
274
381
109
253
170
144
97
69
32
412
285
150
468
269
436
165
266
286
240
493
475
320
233
380
446
344
303
410
133
272
230
422
287
479
298
321
