1342
1799
2679
4299
4698
5523
7567
8577
12321
16645
16809
33046
33941
41627
47614
56333
60718
68024
69899
74671
78594
80435
89890
93950
101771
119676
142674
149399
153143
155935
165866
166156
169732
174754
182610
182651
182672
184609
187992
192858
196165
196632
198228
206437
206893
212509
214392
215615
216327
219414
219828
220844
220852
220968
223172
224910
225362
229330
236830
239338
241454
246143
255370
262250
264596
268071
268122
270578
274278
276173
279237
284674
285350
286653
288757
289121
289966
291516
292200
297315
303983
307853
308068
310123
315520
318398
319154
326038
329518
338383
338960
339634
352986
353083
361645
362170
362994
365657
365956
374163
377002
378494
380325
384329
386924
390386
396749
397487
399942
401650
404409
422144
422551
422984
423893
429387
437511
439454
440360
444462
452803
453030
455998
462316
469446
470144
482229
483168
488212
495298
501876
508593
509362
510473
512063
512587
517109
523200
526733
528335
530685
536890
539424
548294
550652
553545
553745
562962
578873
581252
588038
592821
593940
607030
611123
612658
622417
623607
625677
627309
631197
635216
648876
665723
672670
673376
677983
678579
680814
689311
693360
696012
711162
711322
714540
717738
722803
724911
725868
728498
733692
739619
744341
751837
756251
759007
761974
762378
768039
769058
769073
771942
772773
783436
792878
794789
795219
798723
801301
801873
801932
804306
809484
809675
817505
822499
823881
825739
826925
827107
828208
829451
834668
835815
841211
845917
853718
862051
866222
867623
878568
885652
890375
891205
893128
895086
901171
902327
903650
908388
912287
933358
934133
935425
939484
939711
944129
947493
956250
962417
962523
967582
969725
974576
975082
977090
981151
989077
989749
994352
994560
1006433
1023085
1027250
1030032
1030934
