1342
1514
1794
1799
1987
2679
4042
4075
4299
4698
5323
5523
6455
6660
7493
7567
8577
9648
9865
11293
11838
12321
14064
16313
16645
16809
17681
18829
19192
22161
22738
23714
23764
25530
28435
29164
32331
33046
33189
33941
35044
35192
37681
38144
38900
39529
39833
39986
40082
40282
41627
43554
43819
44786
45559
46189
47614
50369
51426
51752
56333
56772
59141
59529
60566
60718
61405
62432
62600
63258
65445
66577
66872
67284
68024
69154
69615
69899
71330
72914
74671
75219
75637
76689
76729
77124
78106
78568
78594
79317
80091
80435
80493
80586
81932
84001
84940
84942
88044
89172
89890
92546
93752
93950
94056
94255
96293
97824
98396
99224
99269
100053
100731
101771
101777
102674
102758
106652
107679
109997
115716
116297
116904
117596
119676
120431
120587
121396
121834
123341
125722
126186
128604
130473
130854
132449
135252
135414
138019
139044
142674
143827
143941
145721
147632
148165
149399
152415
153143
155922
155935
158083
160066
160324
162183
162680
162795
165866
165923
166156
167830
169732
170219
170413
170463
171472
173636
174754
174845
175886
176402
176483
181286
182610
182651
182672
184609
186226
187008
187736
187992
188107
189938
191066
191283
192310
192858
193619
196165
196632
197950
198228
199124
201331
202629
203283
203421
205002
206038
206437
206545
206893
207795
209234
209816
210996
211496
212509
213232
213421
214139
214392
215615
215828
216327
217214
218326
218482
219414
219828
220568
220639
220844
220852
220968
222767
223172
224317
224366
224910
225362
227838
229330
229716
232396
236458
236830
238152
239338
239576
240638
241086
241454
241883
242905
243988
245692
246143
247161
247669
248792
249313
249343
250582
252499
253671
253946
255370
257021
262250
264596
268071
268122
270578
270851
274278
274448
275922
276011
276173
277688
279237
284674
284989
285183
285191
285350
286352
286653
286999
287946
288757
289121
289583
289966
290370
291516
292062
292200
292271
293328
295325
297315
299151
300018
301019
303983
304263
305509
307058
307117
307347
307778
307853
308068
309367
310123
311565
312188
312528
313381
313735
315520
317005
317932
318398
319154
321796
321841
323183
323204
324204
324850
324886
325667
326038
326965
327867
329518
331129
332201
334037
334703
335460
335588
338075
338088
338383
338960
339634
343161
343642
344116
344493
345177
345913
347015
352230
352986
353083
353298
354476
354970
357153
358705
358743
361645
362170
362994
363094
365534
365657
365956
366756
369525
373879
374163
375349
375535
375825
377002
378494
379065
380325
380890
381485
382920
384329
385206
385667
386544
386924
387153
389665
389883
390386
390829
391101
391969
394110
394252
395337
396749
397487
399942
401650
402046
402606
404409
406375
406543
407507
410273
411214
412032
412054
413571
418622
419132
419477
420983
421670
422144
422551
422733
422984
423893
427121
428233
429387
430113
431391
432094
433602
433637
433787
434528
434980
437297
437511
437875
437947
439454
440249
440360
441316
442368
442877
444441
444462
445850
446346
447945
448570
449622
450620
452717
452803
453030
453155
453760
455998
459351
459488
460420
460485
460970
461193
462316
463312
463450
464094
466536
467953
468550
469446
469715
470144
471379
473201
473811
475538
476627
479073
481110
482216
482229
482951
483168
484036
484502
488212
488240
489822
490212
490767
490968
492071
492191
492528
493207
495298
495665
496647
501677
501876
502050
503959
504835
506354
506625
508593
508602
509273
509362
510473
512063
512587
515041
516173
517109
518165
519149
519875
521929
522350
522410
523187
523200
524808
524884
526733
528335
528346
529065
529260
529964
530685
531086
531281
534886
536890
536945
537012
539424
541034
543759
548294
548430
550644
550652
551722
551830
553545
553745
555292
556957
560511
561262
561854
562962
565893
567131
567924
567955
569076
569495
572518
572931
574464
575039
575890
575941
578460
578549
578873
579769
581252
581500
582859
584032
584589
584887
585777
587997
588038
590696
592821
593156
593577
593940
596860
597154
598410
598975
600299
600820
605478
606342
606891
606903
607030
607306
608465
609350
610037
610083
611095
611123
611253
611685
612098
612658
613853
614273
614377
614380
614596
615495
617033
617529
617864
617893
619106
620546
620929
622417
623607
623947
625677
627309
631197
631412
634284
634985
635216
636039
639366
640456
641289
643212
645305
646899
648318
648876
649946
652786
653044
653260
653949
655523
655779
657974
659847
660726
661178
661658
664627
665099
665190
665606
665723
665975
666620
667012
667436
672163
672670
673376
675676
676471
676987
677067
677561
677983
678579
679101
680173
680814
682048
682970
683084
683424
685248
686693
687611
689311
692563
693360
695833
696012
698848
700051
701353
704313
705181
705484
705558
706382
707563
707648
708284
708837
710928
711089
711162
711315
711322
711909
713877
714540
714617
715069
716362
716988
717437
717738
718415
719035
719723
720309
722298
722803
723742
723961
724911
725868
726793
726880
727594
728498
728605
732728
733692
736182
737971
739619
740558
742341
744341
745420
747295
747678
748364
751477
751837
753072
753075
753177
753661
754443
756251
756447
757201
758263
759007
760456
761184
761635
761734
761974
762164
762378
762767
764976
764985
766944
768039
769058
769073
771248
771942
772773
773322
774368
775707
776045
776804
778123
780307
781143
782146
783436
790508
790990
791376
791829
792348
792368
792878
794789
795219
797868
798215
798723
799873
799958
801301
801873
801932
802018
803805
804306
804326
804746
804984
808143
809484
809675
809939
813720
815220
815353
816853
817505
819611
820028
820458
821047
822499
823881
824429
825447
825739
826925
827107
827591
828208
828604
829451
829580
831043
831183
832396
834668
835166
835815
836739
837428
838920
839067
839751
841211
841457
842794
843179
843701
843958
845012
845917
851824
852054
853718
854991
855950
857595
858108
859445
860059
861793
862051
863597
865255
865306
865804
866222
866445
867623
870001
871122
872345
872638
873816
876640
878021
878298
878568
878660
879381
879853
879885
880043
882279
882334
882476
884284
885652
886773
887369
888615
888952
890375
891205
893128
893282
894488
895086
895701
896860
901171
902327
902723
903070
903650
903765
903931
908388
908701
909251
909345
910493
912287
913535
913722
915348
917202
917389
920897
921102
922253
922630
922857
926915
927516
928504
928759
928864
931075
933187
933358
933957
934133
935425
937205
939033
939484
939711
941279
943385
944129
946583
947493
948250
948601
949999
950063
950670
951437
952810
953619
954445
954641
956215
956250
958475
962048
962417
962523
962529
963705
963954
964564
965920
966904
967582
967946
968168
969725
969752
969924
970418
970847
972789
973350
974392
974576
975068
975082
976039
977090
977245
978811
979645
980875
981151
983432
984753
986470
987919
989077
989749
990150
991061
992105
994352
994560
995144
995470
995489
999198
1000113
1000696
1000976
1001838
1002808
1003094
1003895
1004856
1005980
1006433
1007861
1008406
1010080
1010117
1013577
1016138
1019982
1022124
1022559
1022767
1023085
1025984
1027250
1027686
1029521
1029732
1030032
1030644
1030934
1031067
1034058
1042215
1045683
1045711
