395
5447
6457
7129
8394
8763
9257
9501
12811
13762
14767
18199
21498
23297
27657
34589
34769
35219
37435
39060
40944
44366
52187
52637
54803
57207
62332
62612
63408
63568
64015
66190
66728
67502
68986
70337
74652
76631
77222
77400
78690
81503
81864
82015
82173
82908
89249
92054
95494
95544
95836
96986
97091
98083
100316
101933
110687
111212
111868
114767
115844
116650
117297
119737
123018
131302
134718
136891
138590
138731
141159
141855
143825
146179
146787
150972
151334
153025
162016
166333
169673
169675
170102
171038
172565
178511
179789
180454
181256
181578
182004
183029
184341
189836
191902
194427
195907
197218
205087
205338
206674
209892
214195
214913
218268
220341
222738
224264
225467
226542
229457
231367
233956
238360
238612
240299
240566
243175
243519
244258
245600
245838
245969
248970
250974
254156
256757
258703
260709
261896
263780
267818
269395
273910
275384
277383
277547
279551
282747
284371
285371
285445
286140
286419
287241
287868
288493
289095
289680
289938
289957
291389
291655
292585
295899
302712
304556
304754
305194
307198
307368
309102
310525
313198
317836
319918
320461
321440
321494
322320
328016
328784
328997
338351
344067
346139
346251
348118
349142
350572
351802
352100
352453
357446
358004
358152
358821
361175
361954
365425
366592
369928
371483
374546
375206
377190
379857
382731
384437
386755
387136
391702
392067
392479
395492
395500
399511
399889
400093
407774
407955
411578
411795
413614
414650
418214
420549
421645
421938
422196
423360
425880
427061
430505
434679
435307
438188
438504
440598
440755
442965
443552
447523
448238
448513
451373
464740
466463
467075
479501
486766
487875
487932
488543
493232
493862
493977
496089
498637
500346
501881
502551
506235
512513
513967
515191
515918
516617
521146
521450
525273
527638
534660
538108
538407
540624
540775
542571
547383
550444
552332
554019
557341
557367
557477
557698
558462
558590
563145
564400
565164
570215
570500
570692
571076
572090
572646
577833
578304
578947
578978
580247
584210
584275
585217
590054
590439
592240
593866
594563
595606
599406
602045
604156
604912
605963
606181
607888
610796
612571
618363
621542
621773
622162
623127
624313
624570
627266
628251
628583
634909
638123
639514
642320
642410
644040
650225
650958
653142
653506
653941
657015
659452
660237
661450
676311
677977
678615
679294
682244
684173
685266
685822
687242
687962
688462
689338
693155
693392
706795
710458
710586
712832
713915
714981
718803
719934
722856
723198
726384
731149
731970
732926
733210
734169
735812
736576
738687
740336
742021
743314
745868
746006
746707
747847
749101
755623
756782
757232
759126
759838
760988
761377
762885
767471
768432
769159
770055
771957
773519
776656
777865
779425
779729
783510
786314
788678
788759
790496
793336
793809
794275
796477
797354
799727
807435
807495
807833
810766
811763
813043
814819
814953
817201
817465
823800
827802
829300
829456
832577
842923
843548
844090
845383
848454
851138
851394
854922
855712
856489
860756
864271
868021
877473
879639
881561
887817
887925
891740
892364
895348
895718
897451
897589
905498
913088
914562
916528
917941
918213
918568
921113
921929
922271
922444
923237
923880
924863
927210
933825
935350
935981
937211
940596
942181
944985
950018
953144
955809
959463
961286
964014
969967
971422
971921
972308
972607
972997
973284
974348
976836
981901
982595
985058
991162
993887
995180
995268
998526
998879
1000646
1003181
1006521
1007947
1010594
1011332
1015566
1021807
1022466
1025127
1028904
1030415
1034777
1036473
1037795
1038164
1038361
1039293
1039380
1042382
1042805
1043051
