3
4
4
5
5
6
7
7
7
7
8
16
20
21
22
27
27
27
28
29
30
30
32
33
35
37
39
41
42
44
47
52
52
53
55
55
55
57
58
58
60
61
65
65
66
67
68
73
74
76
77
81
82
83
83
86
87
87
88
90
93
102
104
105
106
108
109
114
115
117
124
124
126
129
130
131
132
135
138
139
142
143
145
149
151
153
153
154
155
156
156
160
162
163
164
169
171
171
172
177
178
182
182
183
188
188
193
194
194
195
197
198
198
203
205
205
205
207
208
210
211
211
212
214
215
217
222
222
223
231
236
238
238
238
239
240
240
246
248
251
252
252
252
252
253
257
257
260
261
261
262
263
264
267
267
271
275
277
282
288
293
294
294
296
297
298
306
307
316
318
318
319
320
320
323
324
324
326
329
330
332
334
336
337
338
340
341
343
346
346
350
352
354
356
357
359
359
361
362
363
364
373
374
374
378
380
381
383
384
385
387
392
404
404
405
407
410
410
411
413
415
420
421
423
424
426
427
427
431
432
433
433
433
434
435
437
439
440
440
441
443
447
448
451
451
452
452
453
455
456
458
460
461
462
466
468
472
473
473
475
476
477
478
480
482
483
489
491
495
495
496
499
499
502
503
504
506
507
508
512
514
514
517
522
523
523
527
528
533
534
534
535
536
540
541
541
543
548
551
554
557
558
560
560
561
561
566
578
581
581
582
582
584
584
585
586
588
589
597
598
598
598
598
599
601
602
609
613
616
618
621
621
622
633
637
642
643
645
650
652
652
655
660
665
667
671
673
676
681
683
684
685
689
690
690
691
694
696
700
703
703
705
705
707
711
711
711
712
714
714
714
715
719
720
724
725
727
728
728
729
729
730
734
736
737
737
738
739
743
745
746
746
750
752
754
755
755
755
756
758
758
760
768
770
771
771
775
780
783
787
789
791
794
795
798
799
799
803
804
804
806
812
812
813
816
822
822
826
829
832
833
833
834
836
838
838
838
840
842
846
846
847
847
854
860
861
869
871
871
871
873
876
877
882
887
888
889
890
890
892
893
899
902
902
904
905
908
909
911
912
914
916
916
922
925
926
928
931
932
933
933
933
934
935
935
936
938
940
941
943
945
949
954
955
956
959
959
961
962
962
964
966
967
967
969
969
972
973
973
974
977
980
986
1005
1006
1006
1007
1008
1011
1011
1013
1013
1016
1017
1022
1024
1025
1028
1029
1031
1033
1033
1034
1035
1038
1039
1041
1049
1050
1050
1052
1053
1057
1058
1060
1062
1067
1068
1070
1073
1076
1077
1080
1084
1089
1091
1092
1096
1097
1097
1098
1100
1101
1102
1102
1105
1105
1105
1108
1108
1111
1113
1113
1116
1119
1120
1127
1128
1131
1134
1136
1137
1137
1138
1138
1138
1138
1145
1146
1150
1151
1154
1155
1156
1156
1158
1160
1163
1164
1165
1166
1166
1168
1171
1174
1176
1178
1179
1181
1183
1184
1185
1185
1189
1192
1193
1194
1199
1199
1200
1200
1201
1203
1203
1203
1204
1206
1207
1213
1213
1214
1217
1221
1223
1223
1228
1229
1234
1237
1239
1240
1242
1244
1245
1246
1248
1248
1251
1252
1252
1256
1257
1265
1267
1275
1278
1279
1282
1285
1289
1289
1292
1297
1298
1301
1302
1303
1308
1312
1315
1321
1321
1325
1333
1333
1334
1336
1337
1337
1340
1343
1345
1347
1348
1348
1349
1350
1353
1357
1358
1359
1361
1362
1366
1366
1367
1370
1371
1372
1372
1374
1379
1379
1379
1380
1383
1384
1385
1385
1389
1389
1390
1391
1391
1393
1399
1399
1405
1406
1406
1409
1410
1414
1415
1416
1418
1420
1420
1421
1421
1422
1424
1425
1426
1426
1428
1434
1435
1435
1436
1439
1442
1442
1444
1445
1446
1450
1451
1451
1452
1453
1453
1454
1460
1460
1461
1461
1462
1462
1464
1464
1465
1465
1469
1469
1473
1473
1477
1484
1484
1487
1489
1492
1493
1493
1494
1497
1498
1499
1503
1504
1508
1509
1510
1513
1514
1518
1519
1520
1522
1522
1527
1529
1529
1529
1531
1537
1540
1541
1549
1549
1549
1552
1555
1556
1557
1561
1561
1562
1568
1569
1570
1572
1572
1575
1581
1582
1584
1588
1596
1596
1596
1599
1601
1604
1604
1608
1611
1614
1615
1617
1622
1628
1630
1635
1637
1638
1638
1640
1642
1644
1649
1651
1656
1659
1665
1669
1670
1674
1675
1675
1676
1678
1679
1682
1682
1683
1687
1688
1688
1690
1691
1693
1695
1696
1701
1711
1712
1715
1720
1726
1727
1729
1729
1732
1734
1735
1738
1741
1743
1745
1748
1749
1751
1751
1754
1755
1756
1759
1760
1760
1761
1767
1768
1769
1775
1781
1784
1787
1788
1789
1790
1793
1796
1807
1807
1810
1811
1813
1816
1824
1825
1828
1829
1830
1833
1834
1837
1837
1843
1847
1847
1850
1852
1854
1854
1854
1857
1858
1863
1864
1865
1865
1866
1866
1869
1871
1875
1876
1878
1879
1883
1883
1884
1886
1896
1898
1902
1903
1903
1903
1907
1908
1908
1909
1910
1910
1911
1911
1912
1914
1914
1915
1919
1921
1924
1928
1929
1934
1936
1938
1942
1946
1947
1949
1953
1954
1955
1956
1956
1956
1957
1961
1965
1966
1970
1972
1976
1978
1980
1983
1988
1990
1990
1991
1992
1997
1997
1999
2000
2001
2001
2003
2003
2003
2004
2005
2011
2011
2013
2023
2025
2027
2028
2028
2030
2031
2032
2039
2043
2043
2043
2044
2044
2047
2047
2047
2048
2048
2051
2052
2052
2053
2053
2058
2059
2060
2061
2066
2068
2071
2073
2077
2080
2081
2081
2083
2085
2085
2091
2091
2091
2092
2092
2094
2094
2096
2099
2101
2101
2105
2113
2115
2115
2117
2118
2119
2120
2120
2121
2121
2123
2123
2123
2125
2125
2127
2130
2131
2136
2144
2152
2152
2155
2156
2158
2162
2162
2166
2168
2171
2171
2171
2172
2174
2178
2180
2184
2186
2187
2188
2189
2189
2191
2192
2195
2197
2198
2199
2201
2202
2205
2205
2208
2209
2214
2215
2215
2216
2217
2226
2226
2228
2232
2237
2238
2242
2242
2245
2247
2250
2253
2254
2257
2257
2260
2268
2269
2270
2273
2277
2277
2280
2280
2281
2282
2282
2283
2283
2284
2284
2286
2289
2289
2291
2294
2295
2296
2298
2299
2299
2306
2307
2309
2312
2315
2315
2317
2319
2320
2322
2322
2324
2327
2329
2329
2330
2332
2333
2339
2340
2342
2343
2345
2350
2352
2356
2358
2359
2366
2367
2371
2371
2372
2378
2387
2388
2388
2388
2390
2391
2392
2393
2394
2396
2397
2404
2405
2406
2416
2418
2420
2421
2423
2423
2423
2423
2423
2426
2428
2432
2435
2437
2440
2442
2443
2444
2449
2451
2454
2454
2454
2454
2455
2457
2458
2460
2462
2466
2467
2467
2474
2476
2477
2482
2485
2492
2497
2497
2497
2497
2499
2499
2500
2501
2502
2503
2504
2506
2506
2511
2512
2512
2515
2517
2520
2522
2523
2524
2526
2527
2529
2531
2537
2537
2537
2539
2541
2541
2548
2548
2551
2554
2555
2555
2556
2556
2561
2566
2566
2567
2569
2569
2572
2574
2576
2577
2578
2578
2579
2583
2583
2587
2594
2599
2600
2604
2605
2606
2611
2611
2612
2613
2614
2616
2618
2618
2619
2620
2621
2621
2622
2627
2627
2629
2630
2633
2633
2636
2640
2643
2643
2644
2645
2649
2652
2654
2654
2658
2663
2663
2665
2669
2669
2670
2671
2673
2678
2679
2682
2684
2684
2685
2686
2687
2688
2688
2691
2694
2695
2695
2696
2700
2702
2703
2703
2705
2706
2707
2708
2709
2710
2711
2714
2716
2721
2726
2727
2732
2733
2733
2733
2736
2736
2737
2745
2746
2746
2747
2754
2755
2756
2756
2759
2760
2761
2761
2763
2763
2769
2769
2774
2779
2780
2789
2790
2793
2794
2794
2795
2799
2800
2801
2802
2803
2806
2814
2817
2818
2821
2822
2825
2826
2828
2830
2831
2831
2836
2836
2837
2839
2839
2839
2842
2842
2846
2850
2853
2853
2859
2860
2863
2864
2867
2870
2871
2872
2872
2873
2874
2876
2879
2881
2885
2886
2888
2890
2891
2893
2898
2900
2903
2903
2904
2906
2908
2909
2912
2914
2918
2919
2920
2923
2925
2926
2932
2933
2939
2942
2944
2945
2948
2949
2950
2952
2952
2953
2953
2953
2955
2955
2957
2963
2964
2965
2966
2967
2967
2967
2968
2969
2969
2970
2974
2978
2979
2981
2981
2981
2982
2983
2984
2984
2986
2986
2988
2989
2992
2994
3000
3000
3002
3002
3003
3006
3008
3010
3011
3012
3013
3014
3016
3018
3018
3020
3023
3028
3028
3028
3031
3032
3034
3034
3037
3040
3040
3041
3042
3048
3056
3058
3060
3061
3062
3063
3063
3065
3065
3068
3070
3073
3075
3080
3086
3086
3087
3088
3088
3089
3090
3091
3098
3100
3109
3110
3111
3115
3116
3117
3117
3120
3124
3124
3124
3125
3130
3131
3131
3132
3133
3134
3134
3135
3136
3136
3137
3138
3141
3142
3148
3153
3153
3154
3158
3158
3160
3161
3163
3164
3167
3167
3168
3169
3173
3173
3174
3175
3181
3181
3183
3185
3186
3187
3190
3191
3192
3196
3197
3198
3198
3199
3199
3201
3202
3205
3208
3209
3210
3210
3210
3213
3214
3218
3219
3219
3220
3220
3220
3222
3222
3223
3224
3225
3226
3229
3230
3231
3235
3236
3237
3237
3239
3240
3243
3247
3250
3253
3253
3253
3254
3258
3260
3263
3271
3274
3274
3275
3276
3277
3284
3286
3287
3290
3291
3293
3293
3297
3298
3299
3299
3304
3304
3304
3304
3305
3305
3306
3306
3310
3310
3312
3315
3316
3317
3318
3318
3320
3323
3324
3325
3327
3328
3329
3331
3335
3335
3338
3339
3342
3343
3346
3349
3350
3352
3353
3355
3355
3356
3360
3360
3360
3360
3360
3361
3362
3363
3365
3366
3366
3368
3369
3372
3374
3375
3379
3381
3382
3387
3390
3391
3394
3394
3396
3396
3396
3400
3404
3409
3411
3412
3414
3414
3416
3419
3419
3419
3426
3428
3430
3431
3432
3433
3434
3437
3437
3438
3439
3442
3443
3443
3444
3445
3446
3448
3450
3452
3455
3461
3461
3462
3465
3465
3466
3466
3469
3470
3479
3479
3479
3479
3480
3482
3484
3486
3495
3500
3501
3503
3504
3505
3505
3509
3510
3513
3515
3519
3528
3528
3529
3529
3532
3535
3540
3541
3542
3542
3544
3545
3548
3551
3556
3556
3558
3560
3560
3561
3563
3565
3567
3571
3571
3572
3573
3575
3577
3577
3577
3578
3583
3583
3583
3584
3584
3585
3588
3589
3590
3590
3590
3592
3592
3592
3596
3599
3600
3603
3604
3604
3606
3611
3612
3614
3618
3622
3626
3628
3629
3629
3632
3634
3635
3637
3637
3642
3643
3644
3655
3657
3662
3663
3667
3667
3676
3678
3680
3685
3686
3688
3688
3690
3690
3690
3695
3696
3698
3705
3705
3706
3707
3708
3710
3713
3718
3719
3721
3721
3724
3726
3727
3734
3737
3744
3745
3745
3746
3755
3756
3756
3758
3759
3759
3760
3764
3772
3774
3778
3781
3788
3788
3794
3795
3795
3795
3797
3800
3801
3801
3801
3801
3804
3804
3805
3807
3809
3812
3813
3813
3814
3816
3821
3827
3833
3834
3834
3834
3838
3838
3839
3841
3844
3846
3849
3850
3852
3855
3855
3856
3857
3864
3864
3865
3868
3873
3874
3875
3879
3882
3885
3885
3887
3888
3889
3892
3892
3893
3894
3898
3901
3905
3907
3908
3910
3911
3911
3915
3922
3922
3923
3925
3927
3929
3930
3931
3938
3941
3942
3944
3945
3946
3950
3962
3962
3963
3963
3967
3968
3969
3969
3976
3977
3981
3982
3983
3985
3986
3989
3990
3991
3991
3993
3997
3997
4000
4002
4003
4004
4006
4007
4009
4010
4012
4013
4014
4016
4018
4018
4025
4029
4031
4034
4035
4035
4036
4037
4037
4040
4041
4048
4051
4052
4053
4056
4058
4059
4061
4062
4069
4073
4075
4076
4076
4082
4083
4083
4084
4084
4085
4087
4088
4088
4093
4101
4103
4107
4110
4113
4115
4117
4117
4120
4120
4121
4123
4124
4124
4124
4125
4127
4129
4129
4130
4131
4134
4135
4136
4137
4138
4138
4142
4143
4143
4148
4151
4152
4154
4156
4156
4157
4157
4160
4160
4164
4166
4168
4170
4171
4173
4177
4179
4179
4184
4185
4189
4191
4191
4192
4194
4196
4199
4201
4203
4204
4204
4211
4213
4215
4219
4229
4230
4232
4232
4232
4237
4237
4237
4238
4238
4238
4240
4244
4247
4248
4248
4249
4249
4251
4253
4253
4254
4256
4256
4257
4257
4259
4259
4259
4260
4264
4274
4275
4277
4277
4278
4279
4279
4280
4282
4284
4285
4287
4292
4293
4293
4297
4298
4299
4299
4300
4300
4302
4303
4305
4306
4313
4317
4321
4323
4326
4326
4326
4327
4332
4336
4340
4343
4343
4346
4346
4347
4353
4354
4354
4354
4356
4359
4360
4364
4366
4367
4368
4368
4369
4373
4375
4376
4378
4379
4379
4379
4380
4380
4384
4384
4387
4390
4394
4395
4398
4398
4400
4400
4402
4404
4410
4411
4411
4413
4414
4414
4417
4420
4425
4426
4426
4429
4431
4436
4436
4439
4444
4444
4444
4444
4445
4446
4446
4447
4449
4449
4455
4467
4470
4477
4485
4488
4488
4493
4495
4495
4496
4496
4498
4498
4499
4503
4511
4519
4520
4527
4527
4528
4530
4530
4536
4540
4545
4548
4550
4555
4559
4560
4561
4562
4567
4567
4570
4571
4573
4573
4574
4574
4577
4578
4579
4580
4580
4580
4582
4583
4584
4585
4586
4586
4588
4591
4593
4595
4595
4601
4603
4607
4608
4608
4616
4620
4620
4621
4622
4623
4627
4628
4632
4637
4641
4646
4648
4650
4651
4653
4653
4655
4656
4656
4657
4658
4660
4660
4664
4664
4664
4675
4677
4677
4683
4685
4686
4692
4694
4694
4695
4698
4706
4708
4708
4709
4716
4717
4720
4726
4728
4729
4730
4732
4734
4737
4737
4741
4743
4745
4745
4748
4751
4754
4755
4755
4761
4762
4762
4765
4765
4766
4767
4769
4770
4770
4771
4774
4776
4777
4780
4783
4784
4786
4791
4792
4795
4797
4798
4802
4804
4805
4806
4806
4810
4810
4810
4811
4813
4813
4817
4817
4822
4822
4823
4823
4823
4825
4826
4830
4830
4834
4834
4835
4835
4837
4840
4844
4845
4845
4848
4854
4859
4860
4864
4865
4867
4868
4868
4869
4871
4875
4879
4883
4884
4884
4886
4889
4891
4892
4894
4901
4904
4905
4906
4910
4912
4913
4914
4916
4922
4926
4926
4928
4929
4929
4931
4941
4941
4942
4947
4947
4949
4954
4955
4962
4968
4969
4969
4970
4970
4971
4972
4974
4976
4977
4978
4979
4982
4982
4987
4991
4991
4994
4998
4998
4999
5001
5002
5002
5003
5004
5004
5005
5006
5010
5011
5011
5011
5012
5014
5015
5018
5018
5019
5023
5023
5024
5024
5026
5026
5028
5028
5029
5030
5033
5038
5043
5058
5061
5064
5066
5069
5076
5083
5083
5088
5089
5091
5091
5092
5096
5104
5104
5107
5111
5112
5114
5116
5118
5122
5125
5126
5131
5131
5135
5135
5135
5136
5136
5139
5139
5141
5141
5146
5147
5149
5150
5151
5152
5157
5158
5159
5160
5160
5167
5170
5171
5171
5172
5173
5174
5177
5179
5184
5184
5184
5185
5187
5188
5197
5199
5208
5208
5208
5211
5212
5214
5215
5220
5220
5226
5226
5228
5231
5231
5235
5237
5241
5241
5242
5246
5247
5248
5249
5256
5258
5259
5264
5269
5269
5270
5271
5278
5282
5283
5284
5284
5284
5284
5284
5286
5287
5289
5292
5294
5298
5298
5299
5305
5308
5311
5312
5313
5314
5317
5318
5323
5325
5328
5330
5331
5333
5336
5343
5346
5347
5347
5348
5348
5351
5352
5352
5352
5353
5356
5356
5358
5360
5362
5363
5366
5369
5369
5372
5374
5375
5379
5383
5383
5384
5387
5389
5394
5401
5402
5403
5412
5413
5413
5414
5419
5420
5425
5427
5428
5430
5433
5439
5442
5445
5445
5445
5451
5453
5454
5460
5461
5472
5473
5480
5480
5482
5483
5483
5485
5486
5488
5489
5501
5502
5504
5506
5506
5507
5507
5508
5510
5512
5514
5517
5518
5520
5521
5522
5522
5525
5526
5528
5543
5547
5552
5555
5557
5557
5557
5558
5558
5558
5558
5559
5559
5563
5570
5571
5571
5576
5578
5579
5580
5580
5582
5584
5586
5588
5588
5589
5598
5600
5601
5602
5606
5607
5615
5618
5618
5620
5620
5623
5624
5626
5626
5627
5628
5628
5630
5630
5633
5635
5640
5640
5644
5644
5645
5647
5648
5648
5653
5655
5657
5658
5658
5658
5660
5663
5663
5664
5671
5671
5672
5675
5679
5680
5680
5690
5692
5692
5695
5699
5702
5703
5706
5706
5708
5715
5717
5718
5721
5723
5724
5724
5726
5727
5730
5737
5741
5748
5749
5749
5749
5754
5755
5756
5759
5761
5765
5773
5773
5780
5781
5782
5784
5785
5785
5788
5789
5789
5790
5792
5793
5794
5794
5795
5797
5800
5801
5807
5808
5811
5812
5813
5814
5820
5821
5826
5827
5827
5827
5827
5828
5838
5841
5842
5843
5847
5850
5850
5851
5854
5857
5861
5864
5868
5871
5873
5878
5878
5878
5879
5881
5882
5884
5885
5886
5887
5887
5890
5891
5894
5899
5902
5905
5908
5908
5910
5910
5913
5917
5918
5920
5920
5921
5921
5923
5923
5924
5927
5927
5929
5937
5938
5941
5942
5943
5946
5948
5949
5950
5952
5955
5959
5964
5967
5969
5971
5971
5974
5977
5982
5988
5992
5993
5995
5995
5996
5998
6001
6002
6002
6006
6008
6010
6010
6016
6016
6022
6022
6022
6025
6027
6029
6030
6031
6033
6035
6037
6038
6041
6041
6044
6046
6049
6051
6053
6053
6055
6063
6068
6070
6070
6072
6072
6076
6077
6078
6079
6081
6084
6086
6088
6088
6092
6093
6095
6095
6096
6098
6098
6099
6100
6102
6104
6106
6109
6110
6111
6112
6114
6114
6116
6116
6119
6119
6120
6121
6122
6123
6125
6125
6125
6126
6135
6135
6140
6140
6143
6145
6148
6148
6148
6150
6154
6156
6158
6160
6162
6178
6179
6181
6184
6187
6189
6190
6193
6196
6199
6206
6210
6215
6216
6219
6221
6222
6223
6223
6225
6226
6229
6234
6234
6236
6236
6237
6245
6249
6249
6251
6254
6254
6255
6261
6265
6268
6272
6274
6284
6286
6288
6289
6292
6293
6293
6294
6296
6303
6304
6308
6310
6312
6316
6316
6317
6318
6319
6320
6321
6323
6326
6328
6329
6332
6333
6333
6336
6337
6340
6341
6341
6343
6349
6351
6352
6355
6358
6360
6362
6365
6371
6371
6373
6375
6377
6377
6382
6386
6386
6387
6389
6390
6395
6395
6400
6400
6402
6408
6410
6410
6412
6415
6420
6420
6426
6430
6431
6431
6432
6432
6432
6436
6440
6446
6449
6456
6458
6458
6460
6461
6465
6466
6468
6470
6471
6471
6472
6473
6475
6481
6483
6489
6496
6499
6504
6507
6509
6509
6515
6516
6521
6523
6524
6526
6530
6532
6534
6536
6536
6537
6541
6547
6548
6551
6555
6557
6557
6559
6559
6559
6562
6564
6564
6566
6568
6568
6568
6570
6573
6574
6574
6576
6578
6579
6580
6582
6584
6586
6586
6587
6588
6590
6590
6591
6593
6598
6602
6603
6604
6607
6608
6609
6614
6615
6621
6621
6623
6624
6625
6628
6630
6632
6633
6634
6635
6643
6643
6644
6644
6644
6645
6646
6655
6657
6661
6662
6664
6665
6667
6667
6668
6669
6674
6675
6676
6677
6680
6682
6685
6686
6688
6688
6690
6690
6694
6695
6696
6698
6698
6699
6704
6706
6707
6708
6718
6722
6724
6726
6727
6730
6731
6734
6734
6735
6735
6737
6737
6742
6747
6749
6750
6750
6751
6752
6759
6760
6761
6762
6764
6764
6765
6765
6765
6767
6768
6769
6775
6778
6780
6780
6781
6782
6782
6783
6784
6785
6788
6792
6792
6795
6802
6803
6804
6804
6810
6810
6810
6811
6812
6814
6817
6818
6818
6819
6821
6821
6822
6824
6824
6825
6826
6827
6827
6829
6831
6831
6834
6835
6836
6837
6840
6843
6845
6845
6846
6850
6850
6853
6853
6856
6858
6859
6861
6862
6862
6863
6865
6869
6870
6871
6873
6875
6875
6878
6881
6881
6887
6889
6889
6896
6896
6897
6899
6901
6901
6904
6905
6907
6910
6910
6912
6914
6914
6915
6917
6917
6924
6931
6931
6932
6938
6940
6946
6947
6949
6949
6950
6950
6951
6953
6956
6957
6958
6960
6962
6964
6967
6967
6968
6971
6972
6973
6975
6976
6977
6979
6979
6980
6981
6981
6985
6987
6990
6992
6992
6994
6994
6996
6996
6999
7000
7004
7010
7011
7013
7013
7013
7014
7015
7016
7018
7018
7022
7035
7037
7038
7040
7040
7044
7048
7049
7051
7051
7052
7057
7057
7061
7062
7063
7065
7068
7068
7071
7075
7077
7077
7081
7087
7088
7088
7091
7092
7094
7095
7095
7096
7097
7099
7099
7104
7106
7108
7108
7110
7113
7118
7122
7122
7124
7125
7134
7135
7136
7138
7138
7140
7142
7144
7145
7146
7146
7149
7155
7157
7158
7162
7162
7164
7164
7165
7167
7168
7168
7172
7177
7180
7180
7181
7181
7183
7185
7185
7188
7188
7189
7189
7192
7193
7195
7195
7199
7199
7200
7202
7204
7205
7206
7210
7210
7211
7211
7215
7216
7216
7216
7220
7220
7220
7223
7227
7229
7230
7230
7231
7233
7237
7240
7243
7244
7244
7246
7247
7250
7252
7253
7254
7254
7259
7259
7262
7265
7267
7270
7272
7273
7273
7278
7279
7282
7283
7284
7285
7286
7286
7287
7288
7293
7297
7300
7301
7308
7308
7309
7310
7310
7313
7315
7316
7317
7318
7321
7324
7324
7325
7326
7328
7331
7332
7334
7335
7338
7339
7340
7341
7341
7343
7348
7349
7349
7351
7351
7353
7354
7355
7356
7361
7363
7363
7364
7366
7370
7371
7372
7372
7373
7373
7379
7380
7381
7382
7386
7396
7397
7397
7399
7399
7401
7404
7404
7407
7410
7412
7413
7417
7419
7420
7424
7426
7428
7431
7431
7432
7433
7434
7437
7438
7439
7444
7447
7449
7455
7467
7468
7472
7475
7478
7482
7484
7487
7489
7491
7496
7498
7498
7502
7502
7504
7511
7517
7521
7522
7523
7524
7524
7526
7531
7532
7536
7542
7542
7544
7544
7545
7546
7550
7551
7558
7559
7559
7559
7561
7567
7568
7572
7577
7578
7578
7579
7581
7584
7584
7587
7588
7590
7593
7594
7594
7596
7597
7598
7600
7603
7604
7609
7612
7613
7613
7614
7616
7618
7620
7620
7622
7623
7628
7632
7638
7639
7639
7643
7649
7650
7651
7652
7652
7654
7655
7656
7656
7656
7656
7656
7657
7659
7661
7663
7665
7666
7668
7672
7672
7672
7676
7678
7679
7682
7682
7691
7697
7699
7699
7714
7719
7720
7720
7724
7726
7726
7728
7731
7731
7732
7733
7733
7734
7737
7737
7740
7742
7742
7748
7748
7755
7758
7758
7759
7761
7762
7764
7765
7767
7767
7770
7774
7775
7779
7780
7781
7783
7783
7783
7787
7789
7790
7790
7792
7792
7795
7796
7801
7804
7805
7806
7807
7810
7812
7814
7814
7820
7821
7823
7823
7824
7827
7829
7830
7831
7833
7834
7839
7845
7848
7853
7857
7857
7858
7863
7865
7868
7870
7871
7873
7876
7876
7877
7877
7878
7878
7880
7881
7882
7882
7883
7885
7886
7886
7888
7892
7894
7895
7895
7897
7898
7900
7905
7908
7916
7919
7920
7920
7921
7926
7928
7928
7929
7929
7929
7933
7935
7936
7939
7939
7941
7946
7953
7954
7960
7962
7962
7968
7970
7973
7975
7975
7984
7984
7985
7988
7988
7992
7993
7993
7994
7995
7995
8000
8002
8009
8010
8011
8020
8021
8021
8022
8023
8024
8024
8027
8028
8028
8031
8039
8039
8041
8041
8043
8044
8045
8050
8054
8054
8055
8055
8057
8061
8065
8067
8067
8068
8069
8071
8072
8073
8074
8075
8076
8077
8077
8080
8080
8080
8081
8082
8082
8087
8088
8089
8091
8094
8095
8096
8098
8099
8100
8101
8109
8109
8109
8110
8112
8116
8122
8123
8126
8127
8129
8132
8133
8141
8144
8147
8149
8149
8155
8156
8158
8159
8162
8167
8167
8168
8169
8170
8172
8173
8174
8177
8179
8180
8180
8181
8182
8185
8189
8189
8193
8193
8199
8202
8203
8205
8206
8207
8209
8211
8212
8214
8214
8218
8218
8222
8223
8230
8232
8232
8236
8238
8240
8242
8243
8246
8246
8246
8247
8247
8248
8252
8254
8257
8259
8259
8259
8260
8261
8263
8263
8264
8269
8280
8282
8283
8284
8285
8287
8287
8287
8289
8290
8293
8294
8294
8295
8296
8296
8302
8302
8303
8304
8306
8307
8309
8309
8310
8311
8311
8311
8313
8314
8314
8315
8319
8320
8321
8322
8331
8331
8334
8338
8344
8346
8348
8353
8355
8360
8361
8361
8362
8363
8366
8366
8369
8374
8379
8381
8383
8385
8386
8386
8387
8387
8391
8396
8401
8406
8407
8407
8408
8409
8421
8422
8426
8428
8429
8433
8435
8440
8447
8452
8452
8454
8460
8463
8463
8463
8463
8464
8465
8465
8466
8467
8470
8475
8476
8476
8477
8478
8479
8479
8480
8481
8482
8484
8486
8486
8487
8488
8493
8500
8501
8504
8506
8508
8512
8516
8520
8525
8534
8535
8541
8542
8543
8544
8544
8547
8549
8549
8550
8550
8553
8554
8558
8560
8564
8565
8571
8574
8577
8580
8581
8582
8586
8587
8587
8598
8599
8599
8600
8602
8603
8606
8607
8607
8607
8608
8609
8610
8613
8617
8619
8621
8625
8626
8628
8630
8631
8632
8634
8635
8635
8640
8641
8646
8649
8649
8651
8653
8654
8658
8660
8664
8665
8667
8670
8674
8676
8676
8677
8677
8678
8678
8679
8680
8681
8687
8690
8690
8690
8692
8692
8693
8693
8697
8698
8699
8700
8701
8704
8705
8707
8709
8710
8712
8712
8714
8714
8719
8720
8720
8721
8721
8725
8725
8729
8734
8736
8739
8742
8743
8752
8752
8754
8755
8757
8758
8759
8760
8760
8762
8763
8765
8765
8770
8775
8775
8775
8775
8777
8778
8786
8787
8788
8795
8797
8797
8798
8798
8803
8803
8805
8806
8806
8808
8809
8810
8812
8812
8816
8819
8821
8821
8822
8824
8824
8827
8830
8831
8832
8833
8834
8836
8838
8845
8846
8847
8847
8850
8854
8860
8861
8864
8864
8867
8868
8870
8874
8875
8878
8883
8890
8892
8895
8895
8898
8901
8909
8910
8910
8910
8911
8914
8915
8915
8916
8920
8922
8923
8926
8927
8929
8929
8930
8932
8936
8942
8943
8950
8951
8951
8952
8957
8957
8960
8962
8963
8963
8964
8969
8969
8972
8972
8979
8980
8981
8984
8984
8985
8991
8993
8998
8999
8999
8999
9002
9003
9004
9007
9007
9011
9013
9016
9018
9021
9021
9022
9022
9024
9024
9025
9026
9029
9029
9033
9036
9037
9037
9038
9043
9049
9049
9050
9050
9059
9061
9063
9070
9071
9071
9072
9075
9075
9076
9077
9079
9082
9090
9090
9091
9092
9092
9104
9106
9108
9109
9117
9118
9121
9121
9127
9131
9135
9135
9135
9137
9137
9138
9139
9139
9140
9142
9145
9148
9149
9150
9155
9155
9160
9161
9163
9169
9170
9170
9172
9175
9175
9175
9175
9177
9179
9181
9184
9186
9187
9189
9190
9190
9190
9194
9196
9199
9202
9203
9205
9206
9211
9214
9214
9219
9224
9226
9227
9228
9230
9230
9234
9235
9236
9237
9237
9238
9239
9240
9242
9244
9246
9247
9250
9251
9251
9254
9254
9257
9258
9260
9261
9266
9269
9269
9272
9274
9283
9283
9284
9286
9288
9288
9291
9293
9296
9296
9296
9297
9298
9302
9302
9303
9306
9307
9307
9307
9314
9314
9314
9317
9317
9318
9324
9330
9332
9333
9333
9334
9334
9339
9346
9346
9349
9351
9353
9355
9358
9359
9360
9363
9364
9366
9367
9368
9369
9371
9376
9385
9386
9387
9389
9389
9390
9391
9396
9397
9398
9406
9409
9409
9413
9420
9422
9423
9429
9431
9433
9433
9434
9437
9439
9439
9448
9449
9450
9450
9452
9453
9456
9456
9456
9458
9459
9460
9463
9464
9465
9467
9469
9471
9471
9472
9473
9474
9474
9475
9476
9476
9476
9477
9478
9482
9483
9484
9485
9489
9494
9494
9495
9501
9502
9502
9503
9506
9509
9509
9511
9512
9512
9517
9522
9525
9536
9539
9539
9542
9544
9544
9546
9547
9548
9549
9553
9554
9555
9557
9558
9558
9561
9565
9567
9569
9574
9574
9577
9579
9580
9581
9583
9584
9584
9585
9585
9588
9591
9591
9592
9595
9596
9597
9601
9604
9604
9607
9610
9610
9610
9616
9619
9620
9621
9622
9623
9626
9628
9629
9629
9632
9634
9638
9639
9640
9640
9646
9648
9649
9650
9650
9651
9653
9653
9659
9663
9664
9668
9674
9677
9677
9679
9679
9680
9680
9682
9683
9688
9689
9690
9691
9691
9692
9692
9698
9699
9699
9704
9705
9708
9709
9709
9710
9711
9714
9714
9717
9719
9725
9730
9731
9731
9733
9733
9734
9735
9739
9740
9744
9746
9748
9751
9753
9754
9765
9767
9768
9768
9769
9771
9773
9773
9779
9780
9780
9780
9782
9784
9785
9788
9789
9792
9793
9794
9794
9794
9796
9797
9798
9800
9801
9803
9806
9811
9811
9813
9815
9817
9817
9818
9821
9822
9822
9822
9824
9826
9826
9826
9826
9829
9831
9831
9832
9833
9837
9837
9837
9842
9842
9852
9852
9853
9853
9855
9859
9860
9862
9864
9865
9866
9867
9868
9871
9873
9873
9874
9878
9878
9879
9884
9886
9886
9887
9889
9890
9891
9902
9902
9905
9905
9906
9908
9909
9910
9912
9914
9914
9916
9918
9919
9921
9922
9922
9924
9926
9928
9931
9933
9934
9936
9939
9940
9942
9942
9951
9951
9956
9959
9961
9964
9968
9969
9972
9973
9974
9981
9982
9984
9985
9990
9990
9993
9995
9996
9997
10000
10000
10001
10001
10006
10007
10010
10010
10011
10014
10015
10016
10016
10021
10021
10022
10022
10023
10025
10026
10028
10028
10029
10030
10031
10033
10034
10036
10037
10038
10039
10040
10043
10047
10049
10054
10056
10056
10058
10060
10072
10074
10076
10080
10086
10087
10089
10091
10092
10104
10106
10113
10115
10120
10121
10121
10121
10122
10127
10128
10128
10129
10130
10130
10131
10132
10133
10134
10136
10141
10146
10147
10147
10147
10151
10152
10153
10153
10153
10153
10161
10162
10162
10164
10167
10167
10170
10171
10172
10173
10176
10178
10180
10183
10184
10188
10189
10192
10195
10208
10208
10212
10215
10215
10219
10220
10220
10224
10231
10235
10236
10236
10239
10239
10246
10246
10250
10251
10252
10255
10258
10262
10264
10266
10267
10267
10268
10270
10271
10274
10275
10276
10278
10281
10285
10285
10286
10286
10286
10287
10287
10287
10288
10288
10288
10290
10293
10296
10298
10301
10306
10306
10307
10307
10307
10310
10313
10314
10315
10315
10319
10325
10330
10333
10337
10338
10339
10341
10344
10344
10345
10345
10348
10350
10354
10354
10357
10358
10359
10361
10363
10366
10367
10368
10369
10373
10373
10379
10381
10384
10389
10390
10392
10393
10397
10397
10398
10401
10401
10406
10408
10410
10410
10414
10415
10416
10421
10422
10423
10423
10423
10425
10428
10435
10436
10438
10439
10440
10440
10444
10449
10451
10453
10458
10461
10461
10463
10463
10468
10468
10468
10471
10471
10475
10477
10478
10478
10479
10481
10481
10484
10486
10487
10490
10491
10493
10495
10495
10497
10498
10499
10501
10501
10504
10505
10505
10506
10508
10512
10517
10522
10522
10527
10528
10531
10534
10535
10537
10537
10538
10540
10540
10540
10541
10541
10545
10546
10547
10549
10551
10551
10551
10552
10557
10568
10568
10570
10571
10575
10576
10577
10579
10580
10584
10586
10588
10589
10591
10593
10593
10598
10600
10601
10601
10601
10604
10606
10606
10608
10609
10612
10619
10622
10623
10624
10625
10626
10626
10632
10633
10633
10640
10641
10645
10646
10646
10648
10648
10648
10650
10654
10654
10655
10655
10656
10658
10662
10665
10665
10666
10670
10671
10673
10674
10675
10680
10680
10682
10683
10683
10684
10686
10689
10690
10701
10702
10703
10703
10705
10706
10707
10708
10711
10713
10714
10719
10726
10726
10730
10735
10738
10739
10742
10745
10746
10746
10747
10750
10750
10752
10752
10752
10756
10758
10758
10760
10762
10763
10764
10767
10768
10771
10772
10776
10780
10781
10781
10781
10783
10787
10788
10790
10790
10792
10794
10794
10798
10799
10800
10800
10804
10807
10809
10810
10811
10811
10814
10817
10820
10820
10821
10821
10826
10826
10828
10829
10835
10835
10836
10836
10836
10836
10837
10837
10839
10839
10840
10843
10844
10845
10852
10856
10860
10861
10864
10867
10868
10872
10873
10874
10874
10876
10877
10879
10888
10890
10893
10895
10895
10895
10895
10896
10897
10897
10897
10898
10898
10904
10905
10907
10909
10911
10913
10918
10919
10922
10923
10924
10924
10925
10925
10926
10926
10928
10935
10935
10936
10938
10942
10942
10943
10945
10952
10953
10959
10963
10964
10965
10966
10979
10980
10981
10982
10984
10985
10986
10992
10994
10995
10995
10995
11005
11006
11007
11007
11010
11012
11014
11014
11015
11015
11018
11018
11022
11025
11030
11038
11039
11039
11040
11040
11041
11042
11042
11045
11045
11049
11049
11051
11051
11052
11052
11053
11054
11065
11066
11070
11070
11070
11072
11075
11075
11075
11075
11076
11078
11078
11079
11081
11083
11084
11084
11085
11092
11094
11097
11101
11102
11103
11103
11104
11106
11109
11110
11112
11113
11113
11116
11120
11120
11121
11122
11122
11125
11127
11128
11128
11130
11135
11138
11142
11144
11146
11156
11156
11158
11159
11160
11162
11168
11169
11172
11174
11177
11181
11181
11181
11182
11183
11185
11185
11186
11190
11190
11194
11196
11196
11197
11198
11198
11199
11200
11201
11205
11208
11208
11213
11228
11235
11235
11236
11242
11243
11244
11248
11252
11252
11255
11257
11260
11262
11265
11270
11276
11277
11278
11278
11280
11283
11285
11295
11297
11298
11299
11300
11304
11307
11309
11310
11312
11314
11314
11315
11315
11316
11318
11318
11326
11327
11328
11328
11328
11330
11330
11332
11332
11332
11333
11334
11335
11337
11339
11341
11341
11343
11344
11345
11348
11351
11355
11355
11355
11356
11359
11363
11364
11367
11368
11369
11373
11374
11376
11377
11379
11379
11380
11383
11384
11384
11387
11388
11391
11394
11394
11401
11402
11402
11402
11402
11406
11407
11408
11410
11411
11412
11413
11418
11422
11423
11424
11425
11427
11427
11433
11437
11437
11438
11438
11439
11440
11447
11448
11449
11449
11449
11449
11451
11459
11462
11462
11467
11468
11468
11472
11475
11476
11477
11477
11480
11481
11482
11485
11485
11486
11488
11489
11491
11496
11498
11498
11498
11498
11499
11500
11500
11500
11501
11502
11503
11510
11513
11515
11517
11519
11522
11523
11526
11526
11528
11530
11532
11533
11534
11535
11540
11543
11545
11547
11547
11547
11552
11553
11554
11555
11557
11559
11560
11560
11561
11561
11562
11567
11569
11570
11570
11578
11579
11580
11588
11594
11600
11605
11608
11612
11613
11613
11614
11617
11618
11618
11618
11621
11626
11626
11630
11632
11635
11649
11650
11654
11656
11660
11662
11662
11667
11669
11670
11670
11671
11675
11679
11685
11685
11685
11685
11686
11687
11688
11689
11690
11691
11696
11697
11702
11703
11704
11706
11706
11707
11709
11712
11720
11720
11721
11722
11727
11732
11737
11741
11742
11743
11743
11754
11755
11759
11761
11763
11766
11768
11770
11771
11773
11781
11782
11784
11785
11785
11788
11790
11792
11795
11795
11796
11797
11798
11799
11800
11802
11803
11807
11807
11811
11817
11817
11824
11825
11826
11827
11829
11830
11830
11831
11832
11833
11835
11836
11838
11839
11840
11842
11842
11843
11843
11844
11858
11859
11861
11863
11868
11872
11874
11877
11879
11880
11883
11883
11884
11886
11890
11891
11894
11894
11895
11895
11896
11897
11898
11898
11898
11903
11903
11904
11906
11909
11911
11912
11913
11917
11919
11921
11922
11924
11929
11929
11931
11933
11933
11935
11936
11936
11937
11939
11941
11944
11946
11947
11949
11950
11950
11951
11951
11954
11955
11958
11959
11960
11962
11964
11966
11966
11972
11976
11976
11978
11980
11981
11984
11988
11989
11990
11992
11992
11994
11994
11995
12003
12004
12004
12010
12014
12015
12016
12016
12017
12017
12021
12023
12023
12023
12023
12025
12029
12033
12033
12035
12036
12036
12037
12037
12039
12042
12043
12052
12053
12055
12056
12060
12066
12069
12069
12070
12071
12071
12073
12077
12081
12082
12085
12087
12090
12095
12097
12097
12097
12099
12099
12100
12101
12107
12107
12108
12110
12116
12117
12117
12117
12119
12119
12120
12121
12122
12122
12127
12128
12132
12133
12138
12141
12142
12148
12153
12156
12158
12159
12161
12162
12162
12164
12164
12169
12171
12173
12173
12176
12176
12177
12177
12181
12184
12184
12186
12187
12190
12193
12194
12195
12200
12205
12207
12210
12210
12214
12214
12219
12219
12222
12231
12232
12236
12237
12238
12238
12238
12239
12240
12243
12243
12245
12247
12248
12250
12253
12259
12259
12266
12267
12268
12269
12269
12271
12272
12272
12273
12273
12274
12277
12278
12282
12282
12284
12285
12287
12289
12289
12290
12290
12291
12293
12294
12296
12297
12297
12298
12299
12300
12300
12302
12310
12312
12312
12318
12318
12318
12323
12325
12327
12333
12334
12334
12336
12336
12337
12338
12342
12346
12347
12353
12353
12354
12356
12357
12357
12361
12362
12363
12364
12365
12371
12372
12373
12373
12376
12377
12378
12390
12393
12396
12399
12399
12400
12400
12404
12405
12408
12409
12412
12413
12413
12414
12419
12424
12424
12430
12431
12432
12442
12444
12446
12450
12456
12457
12459
12461
12463
12465
12465
12466
12470
12472
12473
12477
12486
12488
12489
12493
12495
12497
12499
12500
12501
12503
12504
12505
12506
12507
12513
12514
12518
12519
12523
12526
12527
12529
12529
12532
12534
12535
12538
12541
12543
12548
12549
12551
12553
12558
12559
12561
12562
12565
12566
12568
12577
12579
12581
12581
12582
12583
12584
12584
12586
12586
12589
12591
12593
12594
12595
12595
12597
12597
12597
12599
12605
12607
12610
12613
12616
12619
12622
12624
12629
12632
12633
12634
12637
12639
12641
12645
12645
12653
12653
12656
12657
12663
12664
12670
12671
12672
12673
12674
12676
12676
12678
12678
12686
12686
12688
12688
12689
12690
12690
12692
12694
12695
12696
12699
12701
12705
12708
12709
12709
12711
12712
12713
12713
12714
12715
12718
12720
12720
12721
12722
12723
12723
12728
12729
12730
12730
12734
12738
12739
12744
12744
12745
12745
12749
12749
12751
12753
12753
12755
12756
12758
12759
12761
12763
12764
12768
12773
12776
12776
12782
12783
12784
12785
12785
12785
12786
12793
12794
12794
12796
12796
12800
12800
12804
12804
12805
12807
12808
12809
12814
12818
12819
12822
12823
12825
12825
12825
12826
12826
12826
12829
12829
12832
12832
12832
12833
12835
12835
12836
12837
12837
12838
12839
12845
12849
12850
12851
12854
12854
12856
12858
12859
12861
12866
12866
12867
12870
12877
12878
12881
12881
12882
12883
12884
12885
12885
12887
12888
12889
12893
12893
12896
12897
12902
12906
12907
12908
12910
12911
12914
12916
12918
12922
12927
12932
12933
12936
12937
12938
12938
12940
12948
12950
12953
12954
12959
12963
12964
12968
12970
12971
12972
12973
12973
12976
12976
12977
12978
12981
12981
12983
12988
12994
12997
12998
13003
13004
13005
13005
13005
13006
13010
13011
13012
13018
13020
13022
13030
13031
13039
13040
13041
13043
13046
13049
13050
13051
13054
13058
13072
13072
13073
13082
13087
13089
13092
13097
13097
13102
13102
13103
13105
13107
13111
13112
13114
13114
13120
13121
13121
13123
13125
13126
13127
13128
13128
13138
13139
13140
13140
13140
13140
13141
13144
13145
13146
13148
13151
13151
13152
13152
13153
13157
13157
13159
13160
13163
13163
13164
13165
13165
13167
13169
13172
13172
13173
13175
13176
13177
13178
13181
13182
13182
13189
13192
13195
13196
13196
13199
13199
13202
13203
13204
13206
13207
13213
13215
13215
13216
13218
13221
13222
13223
13227
13229
13231
13238
13244
13247
13249
13249
13250
13250
13254
13256
13260
13262
13262
13262
13265
13267
13269
13272
13273
13275
13275
13277
13277
13279
13281
13281
13285
13286
13287
13287
13288
13288
13290
13296
13298
13300
13302
13302
13303
13308
13308
13309
13309
13312
13313
13316
13318
13320
13321
13322
13327
13327
13329
13329
13330
13333
13335
13339
13341
13345
13356
13357
13357
13358
13363
13363
13364
13365
13365
13366
13367
13368
13368
13373
13375
13376
13379
13382
13385
13388
13388
13389
13389
13391
13394
13397
13399
13399
13402
13405
13407
13408
13410
13410
13410
13420
13421
13422
13425
13428
13428
13429
13429
13430
13433
13439
13439
13451
13452
13455
13455
13455
13456
13459
13459
13460
13461
13463
13468
13471
13472
13472
13478
13480
13480
13484
13485
13487
13490
13490
13496
13503
13504
13505
13506
13510
13511
13514
13515
13518
13522
13522
13528
13529
13530
13531
13532
13534
13534
13536
13541
13542
13546
13552
13558
13561
13562
13562
13562
13565
13566
13572
13573
13574
13580
13582
13585
13585
13586
13589
13590
13591
13591
13591
13592
13592
13593
13598
13600
13604
13605
13605
13606
13613
13617
13621
13624
13625
13628
13629
13634
13639
13639
13640
13640
13644
13644
13650
13651
13653
13654
13656
13658
13660
13662
13662
13665
13665
13668
13669
13672
13672
13674
13685
13689
13694
13701
13701
13702
13702
13702
13703
13704
13708
13709
13711
13712
13715
13719
13721
13722
13724
13724
13727
13731
13733
13736
13739
13739
13745
13748
13749
13749
13749
13751
13753
13755
13756
13757
13758
13762
13764
13767
13768
13771
13772
13777
13778
13781
13781
13782
13787
13795
13795
13796
13801
13802
13803
13805
13806
13808
13809
13810
13814
13821
13822
13823
13826
13827
13828
13833
13835
13836
13837
13839
13840
13841
13841
13841
13841
13846
13851
13851
13852
13856
13859
13860
13861
13861
13863
13864
13872
13873
13874
13877
13880
13881
13891
13891
13894
13897
13898
13898
13901
13902
13903
13903
13904
13905
13907
13909
13909
13912
13917
13918
13920
13920
13921
13923
13924
13925
13926
13931
13934
13934
13935
13937
13939
13944
13946
13948
13949
13950
13951
13953
13953
13956
13958
13958
13959
13962
13963
13964
13967
13968
13968
13972
13972
13973
13977
13979
13982
13983
13983
13986
13986
13988
13989
13991
13993
13994
13998
13999
13999
13999
14003
14004
14006
14010
14013
14014
14015
14015
14016
14017
14018
14019
14029
14032
14033
14034
14038
14038
14042
14044
14048
14049
14052
14053
14054
14054
14054
14056
14061
14064
14065
14070
14071
14072
14073
14075
14075
14082
14088
14090
14091
14093
14095
14098
14099
14099
14100
14101
14105
14106
14106
14112
14114
14114
14116
14118
14120
14122
14123
14124
14124
14126
14127
14130
14133
14133
14140
14141
14141
14145
14145
14146
14146
14148
14149
14150
14154
14158
14158
14162
14164
14172
14174
14180
14181
14182
14182
14183
14192
14193
14193
14199
14202
14205
14206
14210
14213
14216
14220
14220
14221
14224
14228
14233
14234
14234
14237
14244
14245
14247
14248
14250
14251
14251
14253
14255
14255
14259
14260
14262
14262
14264
14264
14265
14265
14267
14268
14268
14273
14274
14279
14284
14287
14287
14291
14292
14292
14294
14296
14297
14298
14306
14306
14307
14313
14314
14314
14315
14317
14322
14328
14331
14335
14336
14337
14338
14338
14339
14340
14340
14345
14346
14346
14346
14347
14351
14352
14356
14361
14363
14366
14368
14370
14370
14372
14372
14373
14374
14378
14379
14379
14382
14384
14385
14388
14389
14391
14392
14393
14394
14397
14399
14400
14400
14400
14403
14406
14406
14411
14415
14417
14417
14418
14420
14420
14420
14421
14421
14421
14422
14423
14424
14425
14427
14428
14430
14432
14434
14435
14440
14440
14441
14447
14448
14448
14450
14451
14453
14455
14456
14458
14463
14468
14470
14470
14470
14470
14474
14474
14477
14477
14478
14479
14479
14480
14481
14483
14484
14488
14490
14494
14499
14501
14501
14507
14507
14507
14513
14514
14515
14518
14518
14520
14522
14522
14522
14532
14532
14534
14534
14535
14541
14542
14542
14545
14546
14547
14548
14552
14555
14557
14558
14559
14560
14565
14566
14566
14567
14568
14573
14573
14576
14577
14582
14586
14587
14587
14591
14595
14597
14606
14607
14608
14610
14610
14611
14611
14612
14613
14613
14613
14615
14617
14618
14618
14624
14626
14627
14627
14628
14630
14631
14632
14632
14633
14634
14635
14638
14638
14642
14644
14646
14647
14649
14650
14651
14654
14655
14655
14656
14656
14656
14658
14658
14658
14659
14659
14660
14665
14670
14674
14680
14685
14685
14688
14689
14692
14697
14698
14701
14702
14706
14706
14707
14709
14717
14719
14721
14722
14725
14725
14726
14726
14730
14732
14733
14734
14735
14736
14739
14739
14741
14741
14742
14742
14743
14743
14745
14745
14746
14746
14750
14758
14759
14761
14766
14775
14780
14781
14781
14782
14788
14790
14792
14793
14798
14799
14802
14810
14815
14815
14819
14821
14823
14824
14827
14828
14829
14830
14830
14837
14838
14839
14843
14844
14855
14856
14862
14862
14863
14877
14883
14884
14888
14891
14892
14893
14898
14898
14899
14900
14902
14903
14903
14907
14909
14910
14912
14912
14914
14916
14917
14918
14919
14923
14924
14929
14929
14932
14933
14933
14936
14937
14939
14939
14941
14942
14943
14946
14950
14950
14953
14955
14958
14959
14961
14965
14965
14969
14970
14970
14977
14978
14981
14982
14982
14984
14984
14989
14990
14990
14992
14994
14994
14997
14999
15000
15001
15001
15004
15005
15007
15009
15009
15012
15012
15014
15018
15020
15022
15027
15027
15032
15034
15038
15040
15045
15048
15054
15056
15058
15059
15062
15063
15065
15067
15068
15072
15073
15081
15084
15084
15085
15085
15094
15095
15098
15102
15105
15111
15112
15112
15114
15114
15115
15117
15119
15121
15121
15122
15124
15124
15125
15126
15126
15126
15126
15127
15128
15128
15129
15131
15132
15139
15146
15149
15149
15152
15152
15152
15156
15157
15158
15158
15160
15167
15168
15168
15169
15170
15173
15173
15174
15174
15175
15175
15175
15177
15177
15178
15178
15179
15179
15183
15184
15189
15192
15194
15194
15200
15201
15205
15210
15214
15215
15216
15217
15218
15219
15220
15226
15227
15227
15229
15229
15232
15232
15232
15232
15235
15237
15244
15245
15245
15247
15248
15250
15250
15256
15257
15260
15260
15262
15263
15263
15264
15264
15265
15265
15265
15266
15267
15268
15269
15269
15270
15270
15274
15275
15275
15275
15279
15282
15289
15291
15293
15294
15294
15299
15303
15308
15309
15310
15310
15314
15314
15315
15316
15319
15322
15323
15329
15329
15331
15332
15337
15341
15345
15348
15348
15350
15353
15354
15355
15356
15356
15359
15360
15360
15365
15366
15372
15372
15374
15376
15376
15379
15381
15388
15390
15390
15391
15392
15393
15394
15395
15395
15397
15400
15403
15407
15407
15408
15408
15408
15410
15411
15415
15416
15416
15427
15431
15435
15438
15444
15444
15448
15454
15456
15456
15457
15460
15461
15464
15464
15470
15474
15476
15477
15480
15483
15485
15490
15490
15493
15496
15498
15499
15501
15501
15505
15507
15508
15509
15509
15509
15512
15513
15513
15515
15516
15517
15521
15522
15523
15525
15529
15530
15531
15532
15533
15534
15536
15537
15540
15540
15542
15543
15546
15547
15547
15548
15550
15551
15553
15554
15556
15557
15557
15559
15561
15566
15566
15569
15569
15571
15571
15574
15574
15574
15577
15581
15581
15584
15584
15585
15585
15586
15586
15589
15593
15598
15602
15607
15612
15613
15615
15616
15618
15618
15619
15624
15627
15630
15632
15634
15635
15636
15637
15637
15640
15643
15650
15652
15653
15654
15654
15656
15656
15657
15659
15660
15662
15663
15664
15667
15667
15672
15674
15677
15679
15680
15680
15691
15691
15696
15697
15698
15701
15702
15707
15712
15712
15715
15718
15722
15722
15722
15725
15729
15729
15733
15734
15737
15742
15747
15747
15749
15750
15752
15753
15754
15756
15760
15760
15760
15761
15765
15769
15775
15775
15776
15778
15780
15780
15781
15782
15785
15786
15791
15791
15792
15795
15795
15796
15800
15803
15805
15805
15810
15814
15815
15816
15817
15820
15820
15821
15826
15827
15827
15828
15831
15833
15833
15834
15837
15838
15843
15845
15849
15849
15855
15856
15861
15861
15863
15863
15867
15867
15872
15872
15873
15874
15874
15875
15876
15879
15884
15884
15885
15889
15889
15889
15891
15891
15897
15897
15898
15899
15900
15906
15911
15912
15916
15916
15916
15917
15919
15920
15920
15927
15929
15929
15933
15933
15938
15939
15943
15944
15947
15947
15950
15951
15951
15951
15953
15954
15955
15955
15956
15957
15959
15965
15966
15969
15971
15974
15974
15979
15981
15981
15982
15983
15985
15985
15989
15994
15995
15996
15997
15997
15998
16001
16002
16002
16003
16008
16011
16011
16017
16019
16021
16023
16025
16027
16031
16033
16034
16034
16035
16041
16053
16053
16053
16055
16055
16056
16059
16060
16064
16066
16066
16067
16076
16076
16076
16077
16077
16079
16084
16084
16085
16085
16085
16086
16091
16099
16105
16111
16112
16114
16114
16117
16117
16118
16119
16123
16126
16126
16128
16129
16135
16141
16141
16142
16144
16147
16147
16147
16151
16154
16158
16158
16159
16162
16163
16164
16165
16168
16169
16169
16171
16171
16174
16175
16178
16181
16185
16192
16194
16200
16201
16202
16205
16207
16207
16208
16210
16211
16216
16216
16218
16218
16221
16221
16223
16231
16236
16238
16238
16238
16243
16247
16250
16253
16254
16255
16256
16260
16260
16261
16261
16263
16263
16264
16264
16265
16266
16267
16269
16272
16273
16273
16276
16278
16279
16280
16281
16282
16283
16287
16289
16292
16296
16301
16302
16305
16307
16309
16311
16311
16313
16313
16313
16314
16317
16318
16324
16325
16328
16329
16333
16337
16338
16340
16340
16341
16341
16343
16343
16344
16344
16345
16346
16349
16351
16351
16351
16352
16355
16356
16357
16358
16359
16361
16361
16363
16365
16366
16367
16370
16374
16375
16378
16378
16379
16382
16383
16383
16385
16389
16391
16392
16392
16393
16394
16395
16396
16397
16398
16400
16402
16403
16403
16410
16418
16421
16423
16424
16424
16427
16428
16428
16431
16432
16433
16433
16433
16435
16440
16440
16443
16448
16450
16452
16453
16453
16456
16456
16459
16459
16461
16464
16473
16475
16477
16481
16486
16489
16493
16494
16497
16497
16498
16502
16506
16506
16509
16514
16515
16518
16518
16518
16520
16521
16523
16526
16527
16529
16536
16538
16542
16544
16549
16550
16552
16552
16553
16554
16554
16555
16557
16560
16561
16561
16562
16564
16565
16565
16565
16569
16570
16570
16576
16578
16578
16581
16583
16583
16587
16590
16591
16595
16595
16595
16597
16598
16598
16604
16605
16605
16608
16611
16612
16613
16614
16614
16615
16617
16618
16618
16620
16620
16620
16623
16628
16629
16630
16630
16631
16636
16639
16642
16646
16648
16650
16650
16651
16652
16653
16657
16659
16662
16664
16668
16670
16671
16671
16672
16674
16674
16675
16681
16682
16685
16685
16686
16688
16689
16690
16691
16692
16694
16695
16695
16696
16697
16697
16698
16700
16704
16708
16714
16722
16722
16722
16725
16725
16726
16740
16741
16741
16744
16749
16750
16751
16751
16753
16753
16753
16754
16755
16757
16758
16760
16762
16766
16766
16767
16768
16768
16769
16771
16772
16773
16777
16787
16789
16791
16791
16798
16800
16803
16805
16810
16811
16816
16818
16821
16821
16822
16830
16831
16836
16838
16839
16841
16842
16845
16846
16847
16850
16850
16850
16850
16853
16853
16857
16857
16858
16859
16861
16862
16863
16864
16866
16869
16870
16871
16871
16873
16875
16877
16881
16881
16886
16888
16889
16889
16894
16895
16898
16902
16904
16905
16908
16910
16910
16915
16917
16918
16927
16927
16929
16931
16935
16936
16937
16940
16942
16942
16943
16943
16946
16948
16949
16950
16950
16954
16962
16968
16977
16986
16986
16987
16988
16989
16989
16991
16992
16992
16993
16995
16996
16997
16998
17000
17001
17002
17002
17007
17007
17007
17011
17019
17019
17020
17021
17024
17025
17027
17027
17029
17029
17029
17032
17039
17039
17042
17042
17045
17046
17053
17057
17063
17065
17067
17067
17070
17071
17073
17075
17075
17081
17084
17085
17086
17088
17089
17092
17104
17108
17109
17110
17112
17113
17116
17117
17117
17117
17117
17117
17122
17123
17124
17126
17130
17131
17131
17134
17141
17142
17142
17144
17146
17147
17150
17151
17152
17153
17155
17156
17156
17158
17158
17160
17163
17163
17165
17168
17172
17172
17175
17177
17179
17179
17181
17181
17182
17188
17190
17194
17198
17203
17206
17206
17208
17210
17212
17212
17214
17217
17220
17221
17221
17224
17226
17227
17230
17231
17231
17232
17238
17238
17240
17241
17245
17245
17249
17249
17251
17251
17253
17253
17255
17257
17257
17258
17258
17263
17266
17268
17275
17276
17277
17281
17281
17282
17287
17288
17291
17294
17294
17295
17295
17297
17297
17299
17299
17301
17301
17304
17306
17308
17308
17309
17309
17315
17320
17321
17324
17326
17329
17335
17337
17342
17344
17345
17345
17346
17347
17347
17349
17350
17351
17352
17354
17357
17361
17365
17366
17367
17374
17374
17376
17379
17381
17385
17387
17389
17391
17391
17391
17393
17396
17398
17399
17402
17405
17406
17406
17406
17408
17408
17414
17415
17416
17417
17419
17421
17421
17427
17427
17428
17430
17433
17433
17433
17436
17437
17440
17441
17441
17444
17452
17455
17460
17461
17463
17466
17469
17472
17475
17477
17479
17483
17487
17488
17489
17491
17492
17493
17494
17495
17495
17496
17498
17500
17502
17504
17509
17510
17513
17514
17514
17516
17517
17520
17523
17523
17524
17527
17529
17530
17533
17535
17536
17537
17540
17540
17542
17544
17545
17548
17554
17555
17558
17560
17567
17570
17571
17573
17574
17577
17578
17582
17584
17585
17586
17589
17591
17591
17593
17594
17595
17600
17601
17603
17613
17614
17615
17617
17618
17626
17627
17628
17629
17635
17637
17644
17646
17649
17651
17654
17655
17657
17659
17662
17665
17669
17669
17673
17673
17676
17676
17678
17681
17681
17682
17683
17684
17686
17686
17689
17692
17700
17702
17706
17708
17715
17716
17716
17716
17721
17721
17725
17727
17727
17732
17732
17733
17734
17734
17736
17736
17739
17741
17742
17748
17750
17750
17750
17754
17755
17758
17766
17766
17769
17771
17772
17772
17779
17779
17784
17785
17790
17790
17790
17792
17794
17797
17797
17799
17801
17801
17801
17804
17805
17806
17807
17807
17808
17808
17810
17810
17816
17818
17818
17821
17824
17824
17825
17826
17829
17830
17831
17835
17837
17838
17838
17838
17840
17841
17842
17845
17848
17850
17852
17852
17857
17859
17862
17865
17868
17869
17870
17872
17872
17875
17877
17878
17879
17885
17885
17891
17894
17895
17898
17899
17899
17902
17902
17904
17905
17906
17909
17912
17913
17914
17914
17916
17916
17917
17918
17919
17921
17924
17928
17931
17932
17934
17936
17937
17946
17947
17947
17950
17954
17959
17959
17963
17963
17965
17968
17969
17971
17971
17972
17972
17973
17977
17978
17979
17979
17979
17979
17979
17982
17985
17988
17989
17993
17993
17994
18001
18002
18003
18004
18006
18010
18010
18013
18016
18016
18021
18022
18023
18023
18025
18029
18031
18034
18034
18034
18036
18036
18039
18040
18042
18044
18047
18049
18051
18052
18053
18055
18055
18056
18059
18063
18065
18065
18066
18070
18072
18075
18077
18080
18084
18087
18088
18089
18093
18094
18095
18101
18103
18106
18107
18109
18111
18111
18116
18118
18119
18121
18126
18128
18128
18130
18130
18132
18134
18142
18144
18146
18147
18153
18156
18158
18159
18161
18162
18164
18167
18170
18171
18173
18175
18180
18181
18181
18185
18186
18187
18188
18189
18191
18191
18193
18195
18195
18196
18199
18202
18204
18205
18205
18209
18210
18212
18213
18213
18213
18226
18226
18227
18232
18233
18233
18233
18235
18236
18237
18238
18239
18240
18244
18244
18245
18245
18247
18249
18255
18256
18260
18261
18265
18265
18266
18267
18268
18269
18270
18272
18273
18274
18276
18281
18283
18284
18286
18287
18288
18288
18291
18292
18293
18298
18299
18300
18300
18302
18303
18303
18304
18306
18307
18308
18309
18310
18310
18311
18312
18316
18320
18321
18321
18322
18323
18327
18334
18335
18335
18341
18346
18351
18352
18353
18357
18358
18358
18362
18362
18364
18364
18366
18368
18369
18371
18372
18372
18375
18376
18378
18383
18384
18384
18388
18391
18393
18395
18398
18401
18405
18406
18407
18408
18408
18409
18410
18415
18416
18417
18418
18421
18421
18423
18423
18425
18430
18430
18432
18433
18436
18437
18440
18444
18444
18450
18453
18454
18456
18457
18459
18460
18464
18467
18472
18477
18478
18480
18481
18481
18482
18482
18483
18486
18488
18492
18495
18501
18503
18504
18505
18506
18509
18511
18512
18512
18515
18517
18519
18525
18525
18525
18526
18529
18529
18533
18535
18535
18536
18539
18541
18543
18544
18544
18546
18549
18549
18551
18555
18558
18561
18563
18567
18568
18574
18579
18582
18582
18582
18583
18584
18584
18588
18589
18591
18591
18597
18601
18603
18604
18605
18606
18607
18607
18608
18611
18617
18617
18619
18622
18627
18629
18629
18631
18632
18633
18638
18642
18648
18648
18654
18656
18657
18657
18657
18665
18669
18669
18672
18672
18675
18676
18676
18677
18680
18682
18687
18689
18690
18691
18695
18696
18698
18698
18705
18706
18707
18709
18710
18714
18720
18725
18726
18729
18731
18732
18734
18735
18741
18748
18751
18759
18763
18765
18766
18769
18770
18771
18771
18773
18775
18777
18779
18780
18782
18784
18788
18791
18793
18794
18795
18798
18802
18803
18804
18807
18808
18808
18810
18811
18812
18815
18819
18819
18823
18825
18826
18827
18827
18828
18830
18831
18833
18834
18835
18837
18844
18845
18846
18849
18852
18853
18853
18854
18858
18863
18867
18869
18873
18874
18876
18878
18881
18882
18882
18882
18884
18887
18888
18888
18889
18897
18901
18901
18901
18906
18907
18908
18910
18910
18912
18913
18914
18915
18916
18917
18920
18923
18923
18925
18926
18927
18928
18931
18931
18936
18936
18940
18942
18942
18943
18944
18944
18945
18945
18946
18948
18948
18951
18955
18955
18959
18959
18960
18961
18962
18963
18964
18964
18965
18965
18965
18966
18968
18976
18976
18978
18978
18978
18981
18981
18984
18986
18987
18989
18994
18995
18997
19001
19003
19003
19004
19008
19008
19009
19013
19016
19017
19018
19026
19027
19029
19030
19032
19036
19036
19044
19044
19045
19048
19053
19054
19056
19056
19058
19060
19061
19062
19063
19068
19069
19072
19074
19075
19076
19076
19078
19078
19083
19084
19090
19093
19094
19099
19100
19102
19105
19108
19108
19113
19113
19114
19117
19118
19119
19121
19122
19122
19125
19128
19129
19130
19130
19131
19135
19135
19137
19138
19139
19139
19143
19143
19145
19146
19147
19148
19148
19152
19154
19156
19159
19159
19162
19163
19164
19164
19167
19171
19172
19174
19174
19175
19176
19177
19179
19179
19180
19183
19183
19184
19184
19185
19188
19189
19190
19190
19190
19191
19194
19194
19198
19202
19204
19204
19205
19205
19205
19205
19206
19207
19208
19208
19215
19218
19218
19222
19230
19231
19231
19234
19237
19237
19240
19241
19243
19251
19252
19254
19254
19257
19260
19262
19263
19263
19264
19264
19264
19265
19269
19275
19275
19276
19278
19281
19281
19282
19283
19284
19286
19290
19293
19294
19294
19295
19297
19298
19302
19307
19308
19308
19311
19311
19313
19314
19317
19317
19318
19320
19321
19322
19325
19328
19328
19334
19335
19345
19350
19352
19352
19355
19355
19358
19360
19361
19361
19364
19370
19374
19377
19379
19384
19389
19390
19393
19396
19396
19398
19398
19400
19400
19402
19402
19405
19405
19410
19411
19411
19415
19415
19416
19418
19421
19423
19423
19426
19427
19428
19431
19431
19433
19433
19434
19434
19436
19439
19444
19445
19451
19456
19459
19460
19463
19465
19465
19471
19477
19482
19485
19486
19488
19488
19488
19489
19490
19493
19493
19494
19504
19507
19509
19512
19514
19516
19517
19517
19518
19518
19519
19519
19520
19525
19526
19532
19537
19545
19546
19551
19552
19552
19553
19555
19555
19557
19558
19558
19561
19563
19566
19566
19566
19569
19570
19571
19572
19574
19575
19577
19578
19580
19581
19584
19587
19592
19596
19597
19601
19604
19605
19606
19606
19607
19609
19611
19611
19611
19615
19617
19618
19619
19621
19621
19624
19637
19643
19651
19653
19655
19656
19658
19662
19662
19664
19664
19664
19665
19671
19677
19679
19680
19681
19683
19684
19685
19688
19688
19695
19695
19698
19702
19703
19704
19707
19711
19711
19713
19714
19717
19720
19720
19722
19728
19728
19729
19732
19733
19739
19740
19740
19743
19743
19747
19747
19749
19757
19758
19761
19761
19763
19764
19767
19770
19773
19774
19774
19781
19783
19784
19785
19786
19787
19788
19790
19794
19798
19802
19804
19814
19819
19822
19824
19826
19826
19828
19829
19831
19831
19831
19833
19843
19844
19852
19854
19855
19856
19860
19862
19863
19864
19870
19877
19879
19883
19884
19886
19887
19887
19888
19892
19892
19894
19896
19897
19898
19900
19901
19902
19907
19908
19908
19908
19910
19910
19914
19918
19921
19923
19926
19928
19930
19931
19934
19938
19942
19944
19944
19951
19952
19952
19952
19953
19954
19959
19960
19961
19961
19966
19966
19971
19972
19977
19978
19981
19983
19984
19987
19987
19988
19988
19988
19989
19995
19999
20001
20006
20010
20010
20011
20011
20013
20014
20018
20019
20019
20019
20021
20021
20026
20027
20030
20030
20035
20036
20037
20038
20042
20043
20044
20045
20046
20048
20049
20049
20051
20054
20055
20055
20056
20056
20056
20058
20059
20066
20080
20083
20084
20084
20088
20090
20091
20092
20094
20095
20099
20101
20103
20105
20110
20110
20115
20118
20118
20118
20119
20120
20120
20122
20124
20130
20131
20131
20132
20136
20138
20139
20141
20143
20145
20145
20146
20146
20161
20161
20164
20167
20167
20170
20170
20170
20172
20172
20172
20173
20175
20178
20178
20178
20179
20180
20182
20185
20186
20186
20191
20192
20192
20193
20193
20197
20201
20202
20203
20207
20207
20208
20208
20210
20213
20215
20217
20220
20220
20222
20224
20226
20226
20226
20228
20230
20232
20235
20235
20236
20238
20238
20239
20244
20244
20246
20247
20249
20252
20252
20253
20256
20256
20259
20263
20264
20266
20267
20268
20269
20269
20273
20274
20274
20275
20275
20278
20283
20286
20287
20296
20299
20301
20301
20303
20304
20304
20305
20311
20314
20315
20316
20318
20322
20328
20330
20330
20330
20332
20337
20337
20343
20347
20350
20354
20354
20356
20358
20359
20361
20362
20362
20368
20368
20372
20374
20377
20377
20379
20382
20383
20385
20386
20386
20387
20390
20391
20391
20393
20395
20395
20395
20396
20397
20398
20402
20403
20405
20406
20407
20408
20411
20413
20413
20414
20417
20418
20418
20419
20420
20421
20421
20422
20422
20422
20423
20423
20423
20424
20425
20428
20429
20430
20432
20432
20433
20435
20437
20439
20442
20443
20446
20453
20454
20455
20456
20457
20458
20460
20461
20465
20465
20467
20467
20470
20474
20480
20481
20481
20483
20485
20485
20486
20486
20487
20490
20493
20495
20497
20499
20499
20500
20500
20501
20501
20503
20504
20505
20506
20509
20509
20511
20516
20516
20520
20521
20523
20525
20527
20533
20534
20535
20536
20536
20537
20539
20539
20544
20546
20546
20546
20547
20547
20551
20558
20558
20561
20564
20565
20565
20565
20566
20575
20576
20578
20579
20581
20581
20582
20583
20588
20597
20602
20602
20603
20605
20608
20609
20610
20613
20613
20616
20616
20617
20618
20618
20625
20626
20628
20629
20631
20633
20636
20639
20640
20641
20645
20645
20646
20646
20646
20646
20648
20651
20653
20653
20654
20656
20661
20664
20664
20668
20672
20675
20676
20677
20677
20677
20679
20679
20683
20684
20686
20691
20691
20692
20692
20693
20695
20697
20698
20701
20702
20702
20703
20720
20722
20723
20725
20726
20730
20730
20736
20736
20736
20737
20737
20739
20741
20743
20745
20749
20749
20759
20759
20761
20761
20763
20764
20766
20766
20768
20777
20777
20779
20780
20784
20786
20786
20788
20795
20797
20798
20799
20802
20808
20811
20814
20814
20816
20818
20820
20820
20820
20821
20821
20822
20826
20829
20829
20831
20831
20834
20838
20841
20842
20847
20847
20848
20849
20855
20855
20855
20856
20857
20865
20867
20868
20873
20873
20876
20877
20880
20882
20885
20887
20893
20897
20902
20902
20903
20905
20907
20916
20918
20920
20933
20937
20937
20940
20940
20941
20942
20943
20944
20944
20945
20947
20953
20953
20953
20958
20962
20963
20964
20966
20967
20967
20974
20977
20977
20980
20981
20985
20988
20995
20997
20997
20999
21000
21000
21001
21003
21004
21008
21009
21010
21012
21013
21014
21016
21021
21023
21024
21025
21029
21030
21031
21037
21037
21038
21041
21044
21045
21047
21048
21049
21060
21061
21061
21064
21068
21070
21071
21072
21072
21072
21075
21076
21078
21079
21080
21081
21081
21083
21086
21089
21100
21101
21105
21107
21108
21108
21109
21113
21115
21116
21118
21120
21120
21122
21122
21125
21125
21129
21132
21133
21134
21137
21137
21141
21142
21143
21145
21148
21148
21150
21150
21152
21152
21153
21163
21163
21166
21169
21171
21172
21174
21178
21178
21181
21181
21183
21186
21186
21192
21196
21199
21202
21203
21206
21208
21208
21210
21210
21211
21212
21212
21214
21216
21217
21220
21222
21222
21224
21224
21225
21225
21231
21232
21233
21236
21239
21242
21246
21249
21249
21250
21251
21252
21253
21255
21265
21266
21268
21269
21269
21270
21270
21278
21280
21280
21286
21289
21291
21293
21299
21300
21301
21301
21306
21308
21310
21312
21314
21324
21325
21331
21336
21340
21346
21349
21349
21352
21353
21353
21355
21355
21355
21357
21358
21362
21377
21378
21379
21381
21384
21384
21385
21386
21390
21395
21398
21400
21401
21402
21403
21404
21405
21411
21413
21414
21414
21417
21425
21432
21433
21435
21438
21440
21441
21442
21444
21447
21448
21451
21456
21456
21456
21458
21459
21460
21463
21463
21464
21468
21472
21473
21473
21474
21476
21476
21481
21482
21484
21489
21489
21491
21492
21493
21495
21496
21498
21498
21499
21501
21503
21506
21507
21515
21516
21517
21519
21519
21519
21520
21521
21522
21522
21524
21524
21526
21532
21532
21533
21534
21536
21544
21545
21547
21549
21551
21555
21555
21556
21557
21558
21559
21560
21560
21562
21563
21563
21567
21568
21569
21571
21572
21573
21573
21573
21577
21578
21578
21578
21584
21588
21588
21589
21592
21592
21594
21596
21597
21599
21601
21603
21606
21606
21613
21619
21620
21622
21622
21623
21623
21624
21624
21628
21629
21634
21635
21637
21640
21640
21642
21646
21651
21652
21652
21652
21654
21655
21656
21658
21659
21662
21668
21669
21670
21671
21672
21679
21681
21685
21686
21687
21687
21689
21690
21690
21691
21691
21692
21694
21700
21700
21702
21704
21706
21707
21707
21709
21711
21711
21713
21713
21714
21714
21716
21717
21722
21734
21734
21736
21736
21744
21745
21745
21746
21747
21748
21750
21755
21755
21757
21757
21759
21763
21764
21765
21765
21766
21770
21771
21774
21774
21775
21776
21778
21781
21783
21785
21786
21787
21787
21790
21790
21791
21791
21794
21797
21800
21802
21802
21807
21808
21809
21811
21813
21817
21819
21820
21821
21826
21831
21835
21836
21836
21839
21840
21840
21842
21843
21845
21846
21846
21847
21848
21851
21852
21853
21857
21857
21858
21859
21861
21865
21866
21867
21868
21868
21869
21871
21872
21873
21880
21883
21883
21886
21899
21899
21900
21902
21907
21907
21908
21908
21911
21913
21915
21916
21920
21922
21923
21923
21924
21927
21928
21930
21930
21932
21935
21936
21936
21936
21940
21943
21947
21953
21954
21957
21957
21958
21958
21966
21968
21971
21974
21976
21976
21976
21977
21981
21981
21982
21983
21984
21991
21991
21999
22000
22000
22002
22002
22002
22004
22004
22006
22007
22009
22010
22011
22013
22013
22014
22018
22019
22020
22020
22021
22024
22025
22029
22032
22032
22036
22040
22042
22043
22044
22047
22049
22050
22051
22051
22052
22053
22055
22057
22058
22059
22059
22060
22061
22062
22062
22065
22070
22074
22076
22083
22085
22086
22089
22090
22090
22095
22095
22095
22096
22099
22101
22101
22101
22102
22102
22106
22106
22107
22108
22109
22110
22112
22113
22113
22114
22114
22114
22119
22119
22120
22120
22133
22136
22138
22142
22145
22147
22147
22149
22151
22154
22154
22155
22157
22158
22158
22160
22164
22167
22169
22172
22178
22179
22180
22186
22187
22191
22191
22196
22196
22198
22201
22201
22202
22204
22211
22211
22212
22213
22215
22216
22220
22221
22225
22227
22229
22231
22231
22236
22236
22242
22244
22259
22262
22263
22264
22268
22269
22269
22271
22273
22273
22277
22277
22277
22278
22279
22288
22292
22298
22303
22305
22305
22317
22323
22328
22328
22329
22329
22332
22340
22341
22349
22351
22351
22352
22353
22355
22358
22361
22361
22365
22370
22371
22374
22377
22379
22381
22383
22384
22385
22388
22389
22391
22393
22394
22395
22396
22396
22400
22401
22401
22409
22409
22414
22415
22415
22416
22418
22419
22419
22421
22422
22430
22435
22438
22447
22448
22449
22451
22459
22460
22460
22463
22465
22468
22472
22473
22475
22477
22478
22481
22482
22483
22484
22486
22487
22488
22497
22497
22498
22500
22500
22502
22503
22503
22508
22509
22511
22515
22519
22520
22521
22522
22525
22529
22532
22533
22538
22541
22543
22548
22552
22553
22554
22555
22556
22557
22558
22560
22564
22565
22566
22566
22569
22570
22570
22571
22571
22574
22577
22578
22578
22578
22579
22585
22586
22589
22590
22591
22592
22592
22596
22598
22599
22601
22602
22607
22610
22615
22616
22618
22620
22620
22623
22624
22629
22629
22635
22636
22636
22637
22642
22644
22646
22646
22648
22650
22651
22653
22654
22658
22658
22659
22664
22666
22666
22667
22669
22673
22674
22674
22676
22677
22680
22680
22682
22683
22685
22686
22686
22688
22691
22697
22699
22700
22701
22709
22709
22712
22715
22716
22717
22718
22720
22723
22724
22724
22726
22727
22728
22734
22735
22738
22745
22748
22750
22754
22756
22758
22759
22762
22762
22762
22762
22768
22775
22777
22778
22779
22781
22783
22786
22787
22788
22790
22790
22791
22792
22793
22798
22798
22800
22800
22801
22802
22802
22803
22813
22818
22821
22821
22821
22824
22824
22825
22826
22827
22827
22828
22830
22833
22833
22834
22835
22835
22836
22837
22840
22841
22846
22848
22849
22855
22855
22857
22857
22857
22859
22862
22863
22864
22864
22864
22865
22872
22873
22875
22875
22876
22876
22877
22878
22886
22886
22887
22887
22889
22889
22890
22892
22894
22894
22895
22895
22903
22906
22912
22915
22916
22920
22922
22930
22930
22931
22931
22931
22933
22933
22934
22938
22938
22943
22944
22945
22950
22953
22955
22955
22958
22958
22958
22958
22960
22960
22961
22962
22965
22968
22968
22973
22986
22990
22991
22992
22993
22994
22995
22998
23001
23003
23009
23013
23013
23014
23015
23016
23016
23018
23020
23021
23021
23026
23033
23037
23038
23040
23040
23044
23044
23045
23047
23047
23052
23053
23053
23055
23058
23061
23061
23067
23067
23067
23071
23074
23074
23080
23081
23084
23085
23091
23091
23091
23094
23094
23096
23097
23098
23099
23102
23103
23103
23104
23104
23106
23107
23108
23109
23114
23115
23115
23119
23121
23123
23126
23138
23139
23142
23143
23143
23148
23149
23149
23151
23152
23156
23159
23164
23164
23164
23166
23170
23171
23178
23178
23181
23183
23183
23185
23187
23187
23189
23190
23194
23196
23197
23197
23199
23199
23200
23202
23203
23206
23207
23209
23210
23210
23210
23212
23217
23220
23220
23222
23225
23226
23229
23235
23238
23245
23246
23247
23247
23248
23249
23249
23252
23253
23254
23256
23257
23259
23261
23263
23264
23266
23268
23269
23269
23271
23273
23274
23276
23290
23290
23290
23292
23292
23292
23293
23296
23296
23297
23298
23301
23301
23302
23302
23303
23303
23305
23305
23305
23307
23310
23313
23315
23317
23318
23318
23319
23320
23321
23324
23324
23325
23326
23327
23331
23331
23333
23336
23338
23341
23342
23344
23346
23346
23350
23352
23355
23357
23360
23363
23366
23369
23374
23381
23382
23383
23384
23384
23386
23386
23386
23388
23389
23394
23395
23397
23398
23399
23405
23410
23413
23413
23417
23417
23419
23419
23419
23421
23421
23423
23431
23431
23435
23437
23438
23440
23445
23445
23445
23446
23447
23448
23450
23452
23453
23453
23461
23463
23464
23465
23466
23466
23466
23469
23473
23474
23475
23477
23479
23480
23480
23481
23483
23486
23488
23493
23496
23497
23497
23497
23500
23501
23501
23502
23505
23505
23510
23520
23520
23522
23522
23527
23528
23528
23529
23531
23532
23534
23539
23539
23547
23548
23548
23549
23551
23551
23558
23558
23560
23562
23563
23565
23565
23566
23569
23573
23574
23577
23579
23580
23584
23584
23585
23586
23588
23589
23590
23592
23594
23596
23596
23599
23604
23604
23605
23605
23606
23606
23606
23607
23609
23612
23612
23615
23615
23616
23616
23618
23625
23625
23626
23628
23628
23629
23632
23635
23638
23640
23640
23640
23642
23643
23643
23644
23647
23651
23654
23656
23660
23666
23668
23671
23672
23672
23675
23677
23677
23679
23680
23683
23685
23685
23692
23697
23698
23702
23705
23706
23707
23710
23711
23713
23714
23716
23718
23719
23720
23723
23724
23727
23727
23728
23729
23730
23733
23733
23734
23737
23738
23739
23740
23741
23742
23745
23748
23748
23752
23758
23762
23762
23762
23764
23764
23765
23765
23772
23772
23772
23773
23774
23777
23777
23780
23783
23786
23786
23788
23796
23798
23800
23801
23804
23804
23806
23807
23808
23811
23812
23816
23816
23818
23818
23819
23821
23821
23822
23822
23824
23824
23828
23829
23829
23829
23831
23831
23832
23833
23837
23837
23838
23839
23840
23841
23846
23848
23852
23853
23854
23865
23873
23875
23876
23877
23878
23879
23889
23891
23892
23892
23895
23896
23901
23901
23901
23903
23904
23904
23908
23910
23917
23919
23920
23920
23920
23920
23921
23921
23923
23925
23926
23928
23929
23929
23935
23937
23941
23942
23943
23943
23943
23945
23949
23950
23964
23968
23973
23976
23976
23976
23977
23978
23979
23981
23982
23982
23985
23986
23988
23990
23992
23993
23994
23995
23997
23998
23999
24000
24003
24003
24006
24007
24007
24008
24010
24012
24014
24018
24019
24019
24025
24025
24027
24027
24029
24029
24029
24030
24030
24031
24033
24033
24033
24034
24035
24037
24039
24039
24041
24043
24044
24044
24051
24052
24053
24053
24054
24057
24058
24064
24067
24068
24069
24073
24075
24078
24079
24081
24082
24083
24089
24092
24094
24095
24097
24099
24102
24108
24109
24109
24113
24114
24114
24115
24116
24117
24119
24120
24123
24124
24127
24129
24137
24139
24142
24146
24147
24148
24149
24153
24155
24157
24157
24158
24158
24163
24164
24165
24172
24174
24178
24180
24182
24186
24190
24194
24195
24195
24197
24197
24200
24201
24201
24211
24216
24216
24222
24228
24231
24233
24233
24239
24248
24248
24248
24251
24252
24252
24253
24255
24256
24261
24262
24262
24270
24271
24276
24278
24281
24283
24283
24287
24288
24289
24289
24293
24295
24295
24296
24296
24296
24298
24298
24300
24302
24303
24307
24308
24310
24310
24310
24314
24319
24324
24325
24329
24334
24337
24339
24340
24341
24341
24351
24353
24353
24359
24361
24361
24364
24366
24366
24366
24367
24369
24370
24370
24372
24373
24378
24379
24387
24387
24392
24394
24400
24401
24402
24403
24404
24405
24412
24413
24416
24417
24419
24420
24426
24426
24427
24428
24429
24432
24432
24433
24435
24438
24441
24444
24445
24446
24449
24450
24452
24456
24457
24461
24462
24464
24467
24468
24469
24469
24471
24473
24477
24481
24483
24483
24491
24491
24498
24499
24499
24504
24507
24510
24513
24514
24515
24516
24523
24524
24524
24524
24530
24531
24532
24533
24533
24534
24534
24537
24538
24539
24541
24542
24542
24544
24547
24554
24559
24560
24562
24563
24563
24564
24567
24568
24568
24570
24571
24575
24577
24578
24583
24583
24585
24590
24590
24592
24593
24593
24597
24598
24598
24599
24600
24601
24602
24602
24603
24607
24607
24609
24610
24612
24613
24614
24615
24617
24617
24618
24627
24630
24632
24633
24636
24637
24637
24639
24640
24642
24644
24648
24652
24654
24660
24662
24666
24666
24667
24668
24668
24668
24672
24673
24673
24674
24674
24675
24677
24677
24679
24680
24680
24680
24680
24681
24682
24684
24684
24685
24688
24689
24692
24692
24693
24695
24696
24698
24699
24700
24701
24701
24702
24703
24704
24705
24708
24708
24711
24713
24723
24724
24727
24729
24729
24729
24730
24731
24732
24733
24734
24737
24738
24744
24744
24745
24745
24747
24748
24751
24754
24754
24760
24760
24765
24766
24767
24768
24773
24775
24778
24779
24779
24782
24785
24789
24793
24794
24797
24798
24798
24802
24802
24803
24804
24807
24807
24808
24809
24810
24812
24815
24817
24819
24820
24824
24831
24836
24838
24838
24843
24844
24844
24847
24849
24859
24860
24860
24860
24863
24866
24868
24869
24871
24872
24879
24883
24884
24887
24888
24888
24888
24891
24892
24896
24897
24897
24898
24898
24899
24902
24903
24908
24909
24911
24913
24917
24921
24923
24925
24926
24927
24928
24935
24938
24941
24942
24943
24944
24944
24954
24954
24954
24956
24959
24961
24962
24965
24966
24969
24969
24969
24974
24976
24978
24978
24979
24980
24981
24982
24983
24984
24984
24984
24986
24988
24991
24994
24995
24997
24998
25001
25005
25006
25007
25008
25008
25012
25013
25015
25015
25017
25017
25020
25020
25021
25022
25022
25023
25024
25026
25030
25033
25037
25041
25042
25044
25046
25047
25048
25053
25054
25056
25059
25059
25060
25062
25064
25065
25067
25069
25072
25073
25080
25081
25082
25083
25084
25084
25084
25085
25085
25086
25091
25097
25097
25098
25099
25101
25101
25101
25105
25106
25107
25107
25107
25108
25108
25109
25110
25112
25115
25116
25116
25119
25121
25122
25122
25125
25126
25128
25128
25138
25139
25140
25142
25143
25145
25145
25146
25146
25149
25152
25157
25158
25161
25166
25166
25172
25176
25178
25183
25185
25187
25193
25196
25202
25203
25204
25207
25209
25213
25216
25216
25217
25217
25219
25219
25219
25220
25221
25222
25223
25231
25231
25233
25234
25238
25239
25241
25242
25243
25244
25245
25248
25250
25255
25255
25256
25265
25267
25269
25272
25273
25275
25277
25279
25282
25282
25284
25285
25289
25292
25294
25298
25299
25304
25306
25307
25310
25311
25314
25315
25318
25319
25322
25324
25324
25326
25332
25333
25340
25345
25346
25349
25350
25351
25354
25358
25362
25363
25371
25371
25375
25375
25378
25380
25382
25384
25388
25391
25395
25397
25402
25403
25403
25405
25406
25410
25414
25416
25421
25422
25424
25425
25425
25427
25429
25431
25439
25439
25440
25442
25442
25445
25447
25448
25466
25467
25468
25470
25471
25475
25478
25483
25485
25485
25491
25491
25492
25492
25493
25498
25501
25501
25502
25503
25507
25508
25508
25511
25511
25511
25514
25517
25518
25519
25522
25522
25525
25532
25535
25535
25539
25540
25546
25547
25548
25548
25550
25550
25551
25553
25556
25557
25559
25563
25565
25571
25574
25575
25575
25576
25576
25577
25578
25578
25579
25581
25585
25588
25590
25590
25593
25593
25598
25599
25600
25600
25604
25604
25608
25609
25613
25614
25614
25617
25618
25618
25620
25620
25620
25621
25623
25624
25624
25625
25627
25631
25631
25634
25635
25636
25637
25640
25640
25642
25647
25648
25651
25653
25654
25655
25655
25657
25659
25660
25661
25661
25665
25669
25674
25674
25676
25678
25678
25680
25680
25681
25682
25687
25691
25692
25696
25699
25699
25700
25701
25701
25704
25706
25708
25708
25710
25713
25715
25716
25721
25721
25723
25725
25725
25726
25727
25729
25729
25730
25732
25733
25735
25740
25742
25745
25748
25754
25755
25755
25756
25759
25762
25762
25764
25765
25769
25769
25769
25773
25774
25775
25777
25780
25780
25788
25790
25793
25793
25796
25798
25800
25800
25803
25804
25804
25807
25808
25811
25812
25818
25818
25819
25819
25821
25823
25825
25825
25827
25827
25829
25831
25833
25836
25839
25840
25841
25842
25845
25845
25846
25846
25849
25850
25852
25852
25853
25854
25854
25857
25859
25862
25867
25869
25870
25872
25872
25872
25874
25875
25877
25878
25878
25878
25882
25882
25885
25885
25887
25890
25891
25896
25896
25900
25900
25902
25902
25910
25911
25913
25915
25915
25916
25916
25917
25919
25920
25922
25923
25925
25926
25927
25929
25930
25933
25934
25935
25936
25937
25940
25941
25942
25942
25942
25950
25952
25960
25962
25963
25964
25964
25971
25972
25973
25974
25975
25975
25976
25977
25981
25983
25984
25986
25986
25988
25989
25991
25994
25997
25998
25998
26000
26003
26004
26006
26010
26012
26013
26014
26020
26021
26024
26028
26028
26030
26031
26032
26034
26034
26036
26036
26037
26040
26045
26047
26047
26056
26057
26064
26064
26065
26065
26066
26068
26069
26073
26075
26081
26082
26082
26083
26083
26087
26091
26093
26095
26096
26098
26099
26101
26101
26103
26103
26103
26103
26105
26105
26105
26109
26111
26111
26112
26113
26122
26124
26125
26131
26133
26136
26138
26138
26144
26147
26148
26148
26152
26153
26154
26156
26157
26157
26158
26159
26160
26162
26163
26165
26166
26166
26167
26173
26176
26177
26179
26179
26181
26182
26184
26184
26186
26188
26188
26189
26190
26191
26196
26197
26204
26207
26209
26210
26212
26213
26214
26215
26217
26219
26219
26223
26225
26228
26228
26228
26230
26233
26233
26234
26235
26238
26240
26241
26243
26245
26245
26246
26247
26252
26255
26255
26256
26257
26257
26261
26271
26273
26273
26273
26274
26276
26280
26282
26285
26286
26288
26290
26294
26298
26300
26301
26304
26305
26306
26308
26313
26316
26317
26318
26323
26323
26324
26325
26327
26329
26330
26338
26339
26342
26346
26350
26352
26356
26356
26358
26364
26367
26369
26370
26374
26376
26378
26379
26379
26380
26381
26382
26383
26383
26384
26386
26392
26404
26405
26409
26409
26414
26415
26416
26419
26420
26421
26422
26427
26430
26430
26433
26435
26435
26436
26443
26443
26443
26447
26450
26455
26458
26459
26462
26464
26465
26468
26468
26469
26470
26476
26481
26488
26488
26489
26489
26489
26491
26494
26496
26496
26497
26500
26500
26500
26501
26504
26505
26506
26508
26510
26512
26520
26523
26525
26532
26533
26537
26538
26549
26549
26550
26552
26555
26557
26559
26559
26560
26562
26564
26564
26565
26574
26575
26581
26584
26586
26586
26592
26602
26602
26604
26605
26605
26609
26610
26617
26620
26621
26622
26623
26624
26625
26626
26630
26631
26636
26637
26641
26643
26645
26650
26655
26655
26657
26658
26658
26658
26659
26664
26664
26665
26666
26667
26667
26670
26671
26671
26672
26673
26674
26675
26677
26687
26693
26695
26695
26695
26700
26703
26706
26708
26708
26710
26712
26712
26713
26713
26715
26716
26721
26721
26722
26723
26725
26730
26731
26731
26732
26732
26733
26733
26734
26735
26744
26744
26745
26745
26750
26754
26755
26757
26757
26758
26758
26759
26760
26762
26765
26768
26769
26771
26775
26776
26776
26776
26778
26781
26782
26783
26784
26788
26788
26790
26790
26793
26793
26795
26799
26800
26800
26801
26802
26803
26806
26806
26807
26808
26809
26818
26818
26822
26823
26825
26831
26832
26833
26836
26840
26840
26842
26845
26846
26847
26849
26854
26856
26856
26860
26860
26863
26875
26877
26878
26879
26885
26885
26886
26887
26888
26889
26890
26894
26899
26899
26901
26903
26906
26907
26908
26910
26913
26914
26917
26918
26920
26922
26922
26923
26923
26926
26928
26930
26935
26937
26939
26940
26941
26942
26945
26946
26949
26952
26953
26961
26961
26962
26962
26963
26964
26966
26968
26969
26971
26971
26972
26973
26974
26979
26979
26981
26985
26986
26990
26990
26994
27001
27002
27006
27007
27010
27010
27011
27014
27014
27016
27017
27017
27020
27021
27021
27022
27022
27022
27022
27030
27031
27036
27038
27043
27043
27044
27047
27048
27052
27054
27055
27057
27063
27066
27067
27069
27070
27072
27073
27075
27076
27077
27078
27080
27081
27087
27095
27099
27101
27102
27103
27106
27109
27112
27114
27114
27115
27116
27116
27117
27120
27120
27121
27128
27130
27131
27131
27134
27135
27136
27140
27141
27142
27142
27145
27148
27151
27153
27154
27154
27154
27155
27157
27160
27162
27164
27165
27168
27168
27174
27178
27180
27181
27182
27182
27184
27184
27186
27187
27188
27192
27193
27195
27197
27199
27200
27202
27202
27206
27210
27213
27214
27215
27216
27218
27221
27222
27225
27226
27227
27228
27229
27229
27230
27231
27232
27236
27239
27242
27243
27243
27243
27244
27249
27250
27250
27252
27252
27254
27266
27269
27269
27270
27274
27274
27274
27282
27283
27283
27285
27288
27288
27289
27294
27295
27297
27299
27301
27301
27303
27304
27304
27307
27309
27310
27315
27316
27317
27318
27320
27322
27326
27327
27330
27331
27333
27336
27338
27340
27341
27346
27347
27350
27354
27359
27362
27365
27365
27368
27372
27374
27374
27376
27379
27386
27387
27392
27395
27396
27398
27401
27403
27407
27412
27412
27412
27413
27414
27415
27415
27415
27416
27420
27423
27424
27427
27429
27439
27442
27444
27450
27452
27453
27455
27458
27459
27467
27469
27472
27474
27477
27477
27477
27479
27480
27481
27482
27484
27485
27485
27487
27487
27490
27491
27492
27492
27495
27499
27503
27504
27505
27505
27506
27510
27512
27513
27514
27515
27518
27520
27524
27526
27526
27528
27533
27535
27535
27535
27543
27547
27550
27550
27553
27557
27558
27559
27561
27564
27568
27569
27569
27570
27571
27574
27574
27574
27579
27584
27584
27585
27585
27587
27590
27591
27592
27594
27594
27595
27599
27602
27604
27605
27611
27613
27615
27616
27618
27620
27621
27622
27627
27629
27632
27632
27633
27633
27635
27637
27638
27641
27641
27641
27641
27643
27648
27648
27649
27651
27655
27655
27656
27659
27661
27665
27666
27672
27674
27678
27678
27683
27683
27690
27697
27699
27700
27702
27704
27706
27714
27720
27721
27724
27726
27728
27736
27736
27740
27741
27744
27744
27747
27747
27752
27752
27756
27757
27758
27763
27767
27769
27770
27772
27773
27777
27779
27779
27780
27784
27785
27786
27789
27789
27793
27796
27797
27805
27806
27806
27814
27814
27814
27814
27816
27820
27824
27825
27826
27827
27827
27828
27830
27831
27832
27833
27836
27838
27839
27841
27842
27845
27847
27848
27850
27851
27853
27856
27862
27865
27868
27875
27878
27878
27883
27890
27899
27899
27900
27904
27904
27907
27913
27918
27923
27923
27927
27927
27928
27933
27934
27936
27938
27939
27940
27944
27945
27948
27951
27961
27967
27968
27971
27972
27973
27975
27975
27975
27976
27983
27985
27990
27992
27994
27994
27995
27995
27999
28000
28005
28011
28012
28015
28026
28026
28028
28029
28030
28032
28032
28033
28035
28037
28039
28039
28042
28046
28046
28048
28049
28050
28054
28057
28060
28061
28062
28063
28063
28066
28068
28070
28072
28075
28087
28092
28092
28092
28094
28097
28100
28101
28104
28104
28105
28107
28111
28112
28112
28114
28118
28120
28121
28122
28127
28128
28128
28134
28135
28138
28139
28140
28140
28143
28150
28156
28157
28158
28160
28160
28162
28163
28163
28165
28166
28168
28170
28172
28173
28174
28180
28183
28183
28187
28187
28188
28188
28189
28190
28192
28193
28194
28197
28202
28202
28203
28204
28209
28211
28212
28212
28212
28215
28215
28216
28224
28227
28227
28227
28241
28243
28249
28255
28257
28258
28263
28263
28266
28268
28271
28274
28274
28275
28275
28276
28276
28278
28279
28281
28289
28289
28290
28290
28291
28293
28293
28294
28297
28299
28304
28314
28318
28329
28332
28333
28340
28343
28346
28347
28347
28348
28349
28350
28350
28351
28355
28356
28358
28359
28361
28361
28363
28368
28368
28370
28370
28374
28375
28379
28379
28384
28389
28389
28391
28394
28399
28402
28404
28405
28406
28407
28408
28410
28412
28412
28413
28414
28414
28416
28418
28420
28421
28424
28424
28427
28429
28429
28431
28433
28440
28445
28446
28448
28448
28448
28454
28462
28462
28462
28466
28467
28469
28469
28469
28469
28472
28475
28478
28480
28480
28482
28485
28486
28488
28497
28497
28498
28500
28502
28502
28502
28502
28503
28503
28504
28507
28508
28510
28510
28511
28519
28519
28520
28522
28525
28527
28530
28531
28532
28532
28532
28533
28536
28537
28537
28537
28539
28539
28539
28543
28544
28545
28547
28548
28551
28555
28559
28560
28561
28561
28562
28564
28564
28564
28565
28566
28568
28577
28579
28581
28582
28584
28584
28585
28586
28587
28587
28588
28591
28595
28596
28600
28603
28605
28606
28609
28609
28609
28614
28616
28617
28619
28620
28621
28622
28628
28638
28640
28640
28661
28662
28663
28665
28666
28666
28669
28670
28673
28673
28673
28675
28676
28677
28680
28684
28687
28689
28693
28697
28702
28702
28703
28706
28708
28711
28712
28728
28729
28737
28741
28742
28744
28747
28747
28751
28753
28753
28754
28762
28766
28770
28780
28781
28784
28785
28788
28788
28794
28795
28795
28796
28797
28802
28802
28806
28810
28810
28812
28823
28824
28826
28829
28831
28832
28839
28840
28841
28841
28843
28845
28846
28847
28848
28849
28850
28852
28855
28856
28856
28862
28863
28864
28870
28870
28872
28873
28874
28876
28878
28882
28884
28891
28891
28892
28893
28897
28900
28905
28906
28907
28908
28910
28911
28912
28913
28914
28914
28915
28915
28916
28923
28923
28924
28925
28926
28926
28929
28930
28932
28932
28933
28936
28938
28938
28939
28939
28941
28948
28955
28959
28960
28961
28962
28963
28966
28967
28970
28971
28975
28979
28979
28981
28985
28985
28985
28989
28991
28993
28994
28995
29001
29001
29002
29004
29004
29005
29005
29005
29007
29027
29027
29027
29029
29033
29033
29035
29038
29038
29038
29040
29041
29041
29042
29047
29053
29055
29055
29056
29060
29066
29069
29072
29075
29075
29079
29079
29080
29081
29083
29086
29087
29087
29091
29091
29098
29098
29102
29103
29103
29111
29112
29113
29115
29117
29120
29121
29123
29123
29124
29126
29129
29130
29131
29135
29135
29137
29139
29139
29147
29154
29157
29157
29159
29163
29165
29165
29171
29171
29173
29174
29174
29176
29178
29179
29179
29182
29182
29185
29187
29187
29188
29190
29194
29197
29197
29198
29204
29205
29206
29209
29209
29209
29210
29213
29214
29219
29220
29226
29226
29230
29230
29231
29236
29238
29240
29249
29250
29251
29253
29255
29255
29257
29259
29265
29269
29270
29270
29272
29273
29274
29274
29276
29277
29278
29280
29281
29289
29290
29292
29294
29308
29308
29308
29309
29313
29316
29320
29321
29323
29324
29324
29326
29327
29334
29345
29346
29354
29355
29359
29361
29369
29371
29371
29372
29381
29381
29384
29385
29385
29386
29388
29388
29390
29390
29397
29399
29399
29400
29401
29402
29405
29407
29408
29415
29418
29419
29421
29421
29424
29432
29432
29432
29433
29434
29434
29435
29436
29437
29438
29440
29440
29441
29442
29442
29443
29445
29447
29450
29451
29452
29456
29456
29463
29464
29474
29477
29482
29486
29487
29488
29489
29490
29493
29495
29501
29504
29509
29514
29521
29522
29522
29523
29525
29525
29526
29528
29530
29532
29533
29540
29542
29542
29542
29543
29544
29545
29550
29551
29554
29555
29557
29557
29563
29565
29565
29566
29567
29568
29569
29573
29575
29576
29577
29577
29579
29581
29582
29582
29582
29585
29586
29586
29587
29590
29593
29594
29596
29596
29602
29603
29603
29604
29608
29609
29612
29612
29612
29616
29617
29625
29626
29628
29630
29631
29631
29636
29637
29638
29641
29641
29646
29648
29650
29650
29653
29654
29660
29660
29662
29664
29666
29675
29675
29680
29681
29682
29684
29686
29688
29688
29689
29694
29694
29695
29695
29697
29699
29701
29706
29707
29707
29708
29708
29711
29715
29715
29716
29717
29719
29719
29719
29720
29725
29726
29726
29726
29726
29729
29733
29733
29735
29742
29743
29747
29748
29748
29749
29751
29754
29760
29761
29762
29762
29763
29768
29768
29772
29772
29777
29779
29780
29781
29781
29787
29787
29788
29790
29790
29791
29794
29798
29804
29805
29808
29814
29815
29816
29817
29819
29819
29824
29824
29825
29827
29835
29836
29836
29839
29841
29844
29848
29850
29850
29855
29858
29860
29863
29864
29869
29871
29874
29877
29879
29880
29881
29882
29884
29886
29889
29890
29894
29897
29900
29901
29902
29905
29909
29917
29918
29924
29925
29933
29937
29938
29939
29939
29941
29941
29943
29944
29946
29950
29952
29953
29955
29956
29957
29959
29960
29962
29963
29967
29973
29974
29977
29978
29979
29980
29981
29985
29985
29986
29989
29997
29998
30000
30002
30006
30008
30014
30014
30018
30019
30020
30020
30023
30023
30024
30025
30029
30031
30031
30033
30035
30037
30039
30047
30048
30049
30050
30052
30053
30054
30056
30057
30058
30059
30059
30061
30062
30063
30067
30067
30068
30070
30072
30074
30074
30074
30079
30080
30082
30083
30091
30092
30093
30093
30101
30102
30105
30105
30107
30108
30117
30121
30123
30124
30124
30125
30126
30128
30142
30142
30144
30144
30146
30146
30147
30147
30147
30151
30151
30152
30156
30158
30160
30161
30162
30164
30164
30165
30165
30167
30167
30169
30172
30173
30175
30176
30179
30179
30182
30183
30185
30185
30185
30187
30188
30188
30188
30190
30191
30193
30193
30199
30205
30205
30207
30209
30214
30216
30216
30217
30218
30226
30228
30229
30230
30233
30242
30243
30244
30245
30245
30247
30248
30250
30255
30259
30262
30264
30265
30265
30265
30269
30270
30270
30271
30272
30274
30274
30274
30275
30276
30276
30277
30279
30279
30283
30284
30285
30286
30287
30288
30290
30291
30291
30295
30298
30303
30304
30304
30306
30306
30308
30310
30312
30314
30315
30323
30323
30324
30324
30326
30334
30334
30335
30339
30342
30343
30346
30347
30347
30350
30350
30350
30353
30357
30359
30361
30361
30362
30365
30371
30372
30373
30375
30376
30377
30377
30378
30379
30379
30379
30382
30385
30388
30389
30390
30391
30391
30391
30394
30396
30398
30399
30403
30403
30403
30406
30406
30406
30408
30408
30409
30409
30412
30413
30415
30415
30415
30417
30417
30424
30426
30428
30431
30432
30433
30433
30434
30436
30437
30444
30450
30453
30454
30456
30457
30459
30461
30464
30466
30467
30471
30472
30473
30474
30476
30477
30479
30479
30483
30483
30483
30484
30494
30495
30502
30502
30502
30503
30504
30504
30505
30505
30509
30513
30513
30514
30518
30528
30530
30530
30535
30536
30538
30546
30552
30552
30553
30556
30557
30557
30562
30563
30566
30569
30571
30571
30576
30579
30585
30585
30597
30598
30598
30601
30602
30603
30603
30605
30605
30608
30611
30614
30616
30616
30618
30619
30623
30625
30625
30626
30627
30629
30632
30633
30634
30634
30639
30640
30641
30642
30644
30648
30649
30652
30656
30657
30658
30661
30662
30662
30663
30664
30666
30666
30667
30668
30668
30673
30679
30680
30680
30684
30686
30687
30689
30694
30697
30697
30697
30704
30706
30710
30713
30718
30718
30723
30723
30729
30730
30730
30734
30740
30743
30745
30749
30751
30754
30755
30755
30757
30757
30758
30760
30760
30762
30762
30762
30764
30768
30769
30769
30770
30770
30771
30774
30778
30778
30778
30778
30779
30779
30782
30783
30788
30789
30792
30794
30795
30797
30797
30798
30800
30800
30803
30805
30806
30807
30810
30811
30811
30813
30814
30816
30822
30822
30832
30835
30837
30837
30838
30838
30839
30841
30843
30844
30847
30847
30851
30851
30853
30856
30856
30865
30868
30869
30872
30873
30878
30879
30879
30881
30882
30884
30885
30885
30888
30889
30891
30891
30894
30894
30896
30903
30904
30906
30909
30911
30912
30915
30915
30917
30924
30926
30931
30933
30933
30937
30940
30945
30948
30949
30949
30955
30957
30958
30968
30969
30974
30976
30980
30983
30985
30986
30989
30994
30996
30996
31000
31003
31004
31004
31008
31011
31011
31015
31017
31019
31019
31020
31020
31021
31021
31024
31029
31030
31032
31034
31035
31038
31039
31040
31042
31043
31045
31047
31048
31053
31055
31060
31064
31064
31069
31069
31069
31071
31072
31072
31073
31073
31077
31077
31080
31081
31084
31084
31084
31084
31086
31087
31088
31090
31093
31094
31096
31099
31102
31102
31102
31106
31108
31109
31114
31115
31118
31120
31122
31125
31126
31128
31130
31131
31131
31132
31133
31134
31135
31135
31135
31140
31142
31145
31146
31147
31148
31149
31155
31155
31157
31158
31158
31158
31159
31163
31166
31167
31167
31168
31171
31174
31177
31179
31181
31183
31184
31185
31185
31187
31194
31196
31196
31199
31199
31201
31202
31206
31208
31212
31213
31216
31217
31219
31221
31222
31223
31228
31228
31230
31230
31231
31235
31236
31242
31245
31246
31248
31251
31251
31251
31255
31256
31258
31259
31260
31262
31263
31263
31269
31271
31273
31275
31277
31278
31284
31289
31291
31295
31297
31300
31301
31301
31303
31305
31308
31311
31311
31312
31314
31314
31317
31320
31323
31324
31324
31324
31325
31326
31327
31327
31330
31331
31332
31332
31333
31333
31335
31335
31337
31340
31347
31347
31350
31352
31354
31356
31360
31364
31372
31374
31374
31376
31379
31382
31382
31384
31386
31387
31394
31395
31396
31402
31402
31404
31405
31405
31407
31408
31411
31411
31412
31415
31416
31417
31417
31418
31420
31422
31430
31433
31433
31434
31437
31440
31441
31446
31452
31453
31456
31457
31461
31463
31463
31463
31465
31468
31469
31469
31469
31470
31471
31471
31473
31473
31473
31476
31477
31478
31490
31491
31494
31494
31496
31497
31499
31503
31504
31507
31508
31509
31509
31511
31520
31520
31526
31528
31530
31532
31537
31538
31539
31540
31540
31542
31544
31547
31553
31558
31563
31565
31567
31568
31570
31577
31580
31580
31581
31581
31581
31587
31591
31593
31593
31597
31598
31599
31600
31607
31607
31608
31609
31610
31613
31616
31616
31617
31618
31619
31622
31622
31623
31624
31626
31627
31631
31632
31637
31638
31639
31643
31644
31646
31648
31650
31652
31653
31657
31663
31664
31666
31668
31671
31677
31677
31679
31681
31682
31685
31685
31686
31686
31688
31689
31690
31703
31705
31706
31707
31707
31718
31721
31729
31731
31731
31737
31738
31740
31742
31742
31743
31743
31745
31746
31748
31749
31749
31750
31751
31752
31753
31756
31757
31758
31760
31763
31763
31764
31764
31765
31766
31769
31770
31772
31776
31777
31778
31779
31785
31787
31787
31787
31789
31790
31791
31792
31795
31797
31798
31801
31805
31806
31806
31809
31812
31812
31817
31818
31820
31821
31825
31826
31829
31831
31831
31832
31832
31836
31838
31845
31849
31852
31853
31855
31859
31859
31862
31863
31864
31870
31870
31872
31873
31878
31880
31881
31884
31892
31895
31901
31901
31902
31903
31904
31904
31905
31907
31908
31909
31913
31913
31915
31919
31920
31920
31921
31926
31929
31931
31934
31935
31936
31936
31937
31941
31944
31947
31948
31953
31955
31956
31956
31957
31957
31959
31960
31961
31964
31966
31969
31970
31974
31975
31978
31980
31983
31986
31987
31990
31991
31991
31992
31994
31995
31995
31996
31998
31998
32002
32004
32006
32007
32008
32010
32010
32011
32011
32015
32016
32017
32019
32021
32022
32024
32026
32026
32027
32027
32027
32029
32032
32039
32040
32041
32042
32043
32043
32047
32047
32049
32049
32050
32054
32055
32056
32058
32059
32059
32060
32065
32067
32071
32074
32076
32078
32080
32083
32086
32087
32089
32089
32089
32092
32094
32096
32097
32098
32099
32099
32099
32099
32099
32103
32103
32107
32111
32114
32114
32116
32117
32118
32119
32122
32124
32136
32138
32145
32145
32146
32154
32158
32158
32159
32162
32165
32170
32176
32176
32176
32177
32178
32185
32186
32186
32188
32190
32194
32195
32197
32199
32202
32202
32203
32207
32210
32211
32212
32212
32213
32213
32214
32218
32219
32221
32221
32223
32223
32225
32228
32228
32231
32233
32235
32236
32238
32243
32245
32247
32249
32250
32252
32253
32255
32256
32257
32259
32262
32265
32266
32270
32271
32271
32272
32273
32282
32283
32285
32287
32288
32288
32289
32289
32290
32291
32294
32294
32296
32297
32301
32302
32303
32304
32306
32309
32310
32311
32311
32311
32312
32312
32320
32320
32322
32323
32325
32325
32326
32326
32327
32328
32332
32335
32338
32338
32341
32342
32344
32347
32350
32351
32352
32353
32355
32356
32356
32357
32357
32359
32360
32361
32365
32368
32369
32369
32369
32370
32372
32374
32374
32376
32377
32379
32381
32382
32384
32384
32385
32386
32386
32387
32391
32397
32397
32398
32400
32401
32402
32403
32405
32406
32406
32407
32408
32416
32416
32416
32418
32419
32421
32422
32423
32423
32424
32424
32433
32437
32437
32438
32439
32440
32440
32440
32447
32448
32449
32451
32455
32458
32459
32465
32468
32471
32471
32475
32475
32479
32482
32483
32484
32487
32488
32492
32495
32499
32500
32503
32507
32514
32514
32515
32515
32516
32517
32518
32519
32521
32521
32521
32522
32522
32522
32523
32529
32533
32533
32536
32537
32538
32538
32540
32542
32544
32544
32547
32547
32548
32549
32550
32550
32551
32551
32552
32554
32558
32560
32567
32575
32575
32577
32579
32581
32581
32582
32582
32582
32584
32586
32586
32592
32592
32593
32595
32596
32599
32607
32608
32614
32615
32617
32618
32619
32620
32621
32625
32629
32629
32631
32635
32637
32638
32641
32646
32649
32654
32656
32656
32659
32660
32660
32660
32662
32663
32665
32666
32668
32669
32669
32670
32670
32670
32670
32670
32673
32674
32676
32677
32678
32679
32681
32687
32698
32698
32699
32700
32703
32705
32708
32708
32708
32715
32716
32716
32720
32722
32725
32732
32733
32736
32737
32738
32738
32738
32739
32744
32747
32748
32750
32753
32758
32758
32758
32760
32764
32764
32766
32767
