1053
14331
28082
29443
51343
64497
65573
72320
76752
111294
113818
115725
124742
139852
142997
146897
147603
154858
177651
182332
194180
199471
201911
213547
229959
233891
262765
264262
309674
311918
320872
321226
321329
333744
339300
348878
350159
356284
360343
372681
381582
400692
401173
403556
409680
409983
411693
418671
420083
425536
427602
431982
442840
450116
466481
468665
471322
477339
490611
495209
509586
513467
528902
531888
532622
545955
550687
559715
601003
615869
619432
623951
628661
652845
655824
667641
668697
668927
678634
681681
726144
728819
730229
737148
744404
758778
766872
772114
778795
781902
806093
811633
816204
819545
824738
829058
829871
835554
842939
843137
864051
876753
878149
881372
882393
884608
904404
904577
911930
927312
927719
954221
956527
960365
975755
982244
984216
989615
990324
991225
1000424
1000520
1015140
1021626
1023745
1030493
1035313
1044105
