200
391
129
153
333
223
245
104
194
286
146
320
141
70
206
164
359
285
250
346
330
89
58
115
204
42
50
84
388
28
292
395
107
62
226
140
280
287
253
205
47
96
40
303
193
79
170
225
295
22
103
240
234
394
261
57
123
322
131
219
264
25
46
200
209
180
288
274
53
109
304
297
182
345
238
398
368
192
64
171
276
45
262
138
397
239
227
380
113
307
74
392
279
310
95
386
301
30
247
26
258
371
36
166
91
381
169
338
339
145
188
349
229
255
85
268
81
364
348
83
376
150
344
17
293
300
319
347
77
360
275
35
94
358
383
14
132
179
211
135
121
362
323
316
212
29
228
160
317
198
122
283
48
351
184
98
147
334
56
357
277
175
382
177
254
363
378
269
20
249
374
65
117
210
15
130
337
37
16
136
154
114
230
158
241
69
271
361
202
21
124
356
127
44
92
11
352
243
139
311
237
