400
297
103
84
88
215
53
220
98
208
457
366
376
47
475
416
314
390
317
382
42
389
445
39
14
243
137
213
118
519
472
589
214
403
588
423
143
377
424
354
19
329
387
76
93
101
205
104
444
282
182
421
449
506
41
38
239
436
520
348
291
60
401
131
398
586
532
268
533
548
439
368
200
454
271
364
501
210
110
43
296
40
236
298
119
343
233
190
260
568
184
99
135
562
203
106
250
383
456
249
468
191
321
259
565
395
304
100
150
512
253
575
422
544
164
515
426
293
340
230
301
165
339
262
173
555
466
68
571
292
275
559
521
371
527
352
121
379
478
391
252
229
136
179
114
226
18
112
154
367
543
498
307
550
300
231
360
281
35
133
36
460
310
380
542
414
201
419
464
50
125
152
178
56
278
404
480
435
484
315
500
209
287
67
418
89
590
356
319
492
261
177
96
350
564
240
299
211
155
557
503
476
334
217
37
128
22
171
289
308
279
224
587
406
591
483
546
477
46
341
497
65
504
149
491
94
64
328
247
294
218
145
411
372
222
212
161
437
186
192
54
385
432
384
111
528
370
312
32
578
524
355
34
412
556
430
410
21
560
538
434
256
159
144
113
572
33
122
525
324
234
87
526
508
141
320
327
431
285
574
52
495
44
175
302
306
330
241
316
361
448
55
207
163
545
576
593
83
126
274
151
374
166
244
467
363
124
451
489
266
493
132
358
115
517
402
415
265
97
169
245
77
596
438
62
394
63
194
455
246
78
428
264
378
579
446
563
187
332
494
443
357
13
552
452
580
48
505
158
117
147
153
362
139
325
74
585
573
105
337
486
29
409
549
349
120
397
195
399
359
221
514
331
303
130
237
72
529
471
31
12
28
73
569
523
485
92
25
479
23
227
193
373
490
225
499
162
442
408
425
27
