16
21
65
102
182
236
246
336
352
378
421
508
534
535
543
551
561
671
676
696
737
893
902
962
964
1127
1333
1445
1529
1572
1760
1816
1852
2047
2178
2189
2270
2371
2394
2512
2556
2669
2746
2760
2912
3132
3213
3287
3465
3590
3599
3758
3764
3833
3834
3907
4034
4138
4194
4244
4278
4395
4410
4414
4436
4444
4499
4628
4755
4810
4811
4823
4998
5058
5139
5170
5174
5226
5237
5369
5483
5522
5748
5755
5756
5820
5850
5908
5920
5927
5959
6022
6053
6121
6319
6390
6570
6574
6625
6768
6775
7014
7057
7091
7096
7211
7318
7326
7433
7491
7609
7663
7775
7968
8000
8041
8264
8290
8310
8387
8516
8550
8725
8812
8895
9075
9077
9169
9206
9351
9434
9569
9622
9798
9853
9873
9905
10147
10178
10246
10379
10422
10440
10453
10487
10680
10750
10780
10811
10821
10895
10925
10935
10936
10959
11040
11075
11156
11205
11252
11298
11328
11547
11626
11720
11811
11835
11924
11955
12004
12132
12184
12353
12354
12548
12663
12688
12751
12764
12773
12829
12866
12971
12981
13089
13128
13163
13229
13298
13313
13322
13375
13422
13572
13605
13650
13694
13703
13739
13977
14099
14154
14233
14255
14267
14279
14331
14417
14499
14535
14615
14654
14701
14745
14827
14862
14942
14946
15058
15072
15279
15315
15329
15356
15408
15444
15464
15501
15515
15618
15652
15725
15769
15820
15837
15863
15872
15879
15982
15983
16008
16076
16077
16099
16238
16341
16351
16421
16424
16453
16520
16527
16536
16550
16628
16651
16653
16695
16741
16769
16821
16871
17029
17179
17251
17320
17376
17399
17444
17514
17732
17810
18031
18164
18170
18358
18372
18393
18405
18506
18525
18533
18568
18695
18876
18887
18888
18976
19100
19135
19179
19184
19205
19411
19489
19546
19566
19571
19677
19695
19767
19864
19918
19928
19961
19978
19988
19988
20088
20167
20170
20217
20273
20368
20395
20405
20485
20610
20636
20653
20737
20847
20856
20887
20940
21118
21120
21150
21216
21312
21379
21402
21481
21507
21519
21520
21551
21755
21826
21851
21915
21984
21991
22050
22052
22062
22096
22120
22273
22292
22328
22352
22385
22503
22566
22676
22682
22728
22762
22781
22787
22802
22877
22922
23183
23200
23317
23333
23405
23413
23419
23465
23497
23569
23635
23680
23873
23901
23995
24057
24123
24201
24295
24324
24445
24538
24560
24668
24702
24744
24798
24808
24935
24988
25015
25026
25146
25219
25304
25378
25380
25442
25491
25535
25665
25700
25867
25882
25935
25960
25981
25998
26032
26103
26154
26367
26382
26414
26592
26723
26731
26769
26856
26860
26860
27043
27076
27077
27136
27181
27242
27283
27283
27307
27340
27368
27407
27599
27633
27661
27683
27720
27757
28015
28062
28140
28212
28278
28297
28480
28502
28533
28537
28544
28675
28677
28797
28810
28824
28864
28891
28914
28938
29001
29313
29400
29612
29808
29917
29941
30014
30147
30152
30169
30191
30233
30335
30428
30585
30634
30663
30686
30800
30915
31003
31048
31130
31183
31255
31278
31497
31677
31686
31686
31881
31970
31983
31992
32002
32089
32098
32266
32285
32357
32406
32423
32424
32437
32483
32567
32595
32674
