30
160
236
486
546
666
709
802
939
1053
1154
1428
1462
1492
1537
1659
1734
1781
1903
2252
2536
2750
2793
3041
3087
3129
3510
3698
3789
3856
3871
4313
4371
4457
4474
4712
4774
4787
4836
5132
5205
5275
5307
5485
5607
5762
5774
5779
5957
6258
6312
6470
6529
6675
6707
6925
7026
7040
7207
7253
7258
7520
7647
7827
8013
8192
8406
8576
8775
9007
9291
9404
9941
10044
10355
10419
10494
10496
10544
10618
10767
10820
10998
11051
11300
11385
11405
11441
11463
11484
11677
11807
11876
11885
12002
12004
12362
12431
12510
12681
12808
13079
13111
13139
13617
13704
13854
13862
14331
14610
14714
14818
14854
15036
15295
15355
15612
15683
15694
16289
16304
16535
16577
16579
16584
16851
16860
17110
17233
17372
17387
17388
17588
17677
17777
18013
18015
18280
18292
18365
18515
18568
18741
18890
19055
19061
19153
19175
19350
19557
19741
19997
20180
20406
20414
20705
20742
21096
21194
21208
21633
21754
21934
21976
22095
22372
22448
22524
22888
23172
23244
23297
23555
23565
23797
24021
24132
24137
24191
24342
24649
24674
24716
24719
24970
25027
25071
25074
25146
25488
25578
25609
25728
25863
26065
26066
26578
26844
27008
27026
27106
27411
27651
27903
27944
28082
28190
28280
28297
28309
28422
28530
28617
28830
28867
28880
28965
29013
29315
29443
29606
29762
29797
29884
29893
29906
30058
30109
30450
30479
30658
30749
30773
30954
30962
31141
31559
31590
31679
31679
31809
31823
31896
31977
32340
32344
32572
32647
32901
32977
33004
33060
33506
33520
33596
33952
34000
34117
34294
34382
34458
34556
34614
34657
34701
34735
35015
35091
35097
35122
35187
35189
35365
35398
35423
35621
35894
36031
36128
36662
36683
37101
37202
37316
37345
37420
37466
37588
37589
37659
37696
37785
37841
37917
37969
38180
38289
38358
38428
38598
38636
38888
39317
39337
39375
39720
39805
39994
40037
40339
40490
40513
40645
40703
40736
40946
40955
40995
41020
41213
41245
41309
41360
41756
41866
41972
41990
41998
42031
42092
42184
42219
42312
42353
42412
42447
42635
42701
42858
42964
43040
43079
43151
43153
43162
43222
43362
43391
43453
43552
43708
43882
43890
44118
44468
44531
44619
44788
44847
44874
44987
45055
45174
45179
45629
45777
46109
46129
46159
46200
46266
46274
46372
46565
46709
46768
46772
46922
46926
47192
47453
47463
47555
47722
47728
48076
48263
48328
48525
48536
48600
48666
49055
49544
49630
49917
49970
49990
49998
50001
50160
50314
50415
50445
50867
51078
51243
51343
51376
51617
51740
51827
51919
52099
52282
52323
52410
53011
53058
53156
53343
53373
53442
53565
53667
53689
53773
53865
53872
53916
54156
54239
54328
54419
54647
54825
54893
54906
55016
55186
55259
55385
55515
55685
55690
55697
56089
56116
56123
56241
56275
56339
56386
56396
56423
56635
56662
56750
56977
56984
57278
57445
57466
57589
57813
57944
58008
58016
58277
58424
58626
58630
58659
58793
58937
59497
59528
59587
59658
59711
59741
59752
59755
59883
59940
59980
60739
60860
60865
60917
60953
60984
61300
61574
61691
61928
61938
61969
62069
62232
62269
62326
62330
62656
62725
62751
63114
63255
63342
63410
63464
63545
63558
64110
64150
64378
64497
64632
64758
64836
64842
64867
64906
65364
65488
65573
65646
65698
65741
65901
66191
66208
66257
66462
66555
66615
66636
66694
66698
66850
66994
67031
67119
67483
67774
67856
67908
68280
68321
68448
68853
69105
69294
69395
69546
69551
69666
69811
69877
70046
70525
70699
70707
70796
71215
71339
71384
71656
71665
71749
71905
71913
71985
72212
72320
72340
72445
72469
72645
72815
73215
73575
73595
73863
73900
73984
74142
74261
74308
74359
74428
74479
74737
74786
74840
74877
75225
75275
75564
75843
76007
76153
76179
76183
76309
76489
76528
76559
76594
76752
76824
76876
77054
77265
77319
77324
77337
77356
77481
77607
77746
77794
77922
78074
78109
78138
78202
78220
78263
78474
78571
78681
78798
79036
79383
79444
79642
79648
79843
80188
80262
80541
80713
80740
80924
80992
81140
81756
81887
82053
82213
82755
82762
82777
82777
82852
82972
83005
83017
83041
83505
83860
83893
83905
84001
84141
84288
84341
84387
84551
84607
84804
84895
85148
85160
85281
85423
85617
85743
85783
86309
86894
86953
87026
87091
87398
87539
87679
87758
87791
87972
88114
88156
88397
88553
88567
88594
88738
88875
89680
89770
89871
90149
90219
90267
90296
90315
90335
90385
90454
90511
90549
90873
90944
91068
91299
91446
92067
92254
92354
92437
92513
92608
93481
93966
94037
94051
94168
94213
94526
94617
94738
94916
94958
94971
95219
95286
95525
95703
95869
96052
96093
96108
96352
96414
96744
96780
96932
97344
97606
97805
97840
97857
98160
98185
98211
98312
98329
98345
98371
98582
98655
98764
98875
98909
98921
99058
99136
99149
99580
100184
100276
100350
100490
100585
100632
100775
100898
101086
101115
101280
101337
101563
101565
101674
101680
101772
101916
102033
102289
102429
102482
102558
102569
102582
102683
102712
103121
103149
103269
103310
103739
103926
104182
104239
104303
104440
104518
104611
104638
104692
104806
104900
104930
104996
105142
105200
105646
105700
105738
105792
105803
106033
106306
106321
106850
106882
107031
107084
107106
107148
107368
107453
107459
107602
107655
107663
108139
108175
108528
108544
108661
108739
108750
108827
109023
109071
109129
109140
109164
109353
109466
109759
110043
110157
110183
110290
110291
110366
110383
110389
110570
110574
110721
110785
110889
111026
111276
111294
111315
111329
111354
111424
111614
111964
112061
112064
112417
112489
112496
112639
112811
112900
113032
113081
113168
113325
113487
113596
113632
113710
113782
113818
113850
113855
113901
113934
114027
114125
114129
114142
114158
114413
114467
114696
114886
115206
115523
115561
115670
115725
116073
116337
116739
116797
116920
116932
117064
117310
117453
117601
117721
117743
117863
118164
118187
118316
118383
118414
118512
118787
118814
118914
118975
119011
119073
119076
119082
119807
119971
120054
120225
120489
120714
120852
121210
121411
121485
121620
122071
122146
122235
122290
122304
122373
122422
122585
122658
122674
122992
123015
123102
123134
123240
123372
123379
123762
123765
123809
123967
124043
124073
124139
124277
124291
124301
124400
124510
124576
124742
124774
124781
125173
125218
125229
125289
125455
125603
125773
125879
126352
126412
126728
127038
127340
127377
127500
127574
127629
127746
127804
128015
128115
128121
128210
128261
128298
128573
128611
128672
128738
129130
129137
129486
129683
129790
129860
130208
130319
130436
130457
130798
130887
131022
131025
131193
131306
131502
131616
131730
131768
131787
131906
132032
132091
132095
132136
132189
132282
132616
132665
133105
133116
133283
133507
133562
133664
133682
133896
134039
134134
134270
134438
134479
134491
134520
134572
134586
134639
134886
135289
135292
135402
135427
135618
135725
135827
135891
136073
136247
136248
136271
136324
136358
136515
136528
136771
136776
136788
136812
136820
136936
137079
137311
137527
137718
137748
138071
138126
138246
138417
138433
138600
138667
139191
139253
139256
139334
139575
139670
139822
139835
139852
139996
140046
140253
140335
140359
140377
140437
140466
140625
140724
140792
140864
140865
141169
141428
141710
141837
141841
141847
141864
142141
142171
142211
142324
142509
142510
142537
142633
142702
142762
142803
142904
142920
142962
142997
143024
143151
143165
143349
143401
143586
144234
144289
144348
144411
144890
145424
145486
145546
145721
145889
145936
146022
146097
146170
146181
146293
146488
146512
146588
146722
146831
146897
146955
147395
147603
147708
147869
148048
148098
148272
148698
148778
148980
149010
149086
149107
149162
149271
149499
149602
149640
149922
150042
150218
150232
150506
150532
150605
150609
150613
150769
150830
150875
150949
151034
151341
151511
151648
151676
151726
151768
152004
152066
152208
152492
152597
152645
152850
153022
153031
153255
153293
153362
153390
153404
153458
153555
153621
153797
153824
153847
153982
154055
154267
154354
154411
154745
154824
154858
155037
155161
155231
155293
155293
155309
155715
155909
155987
156039
156181
156227
156315
156450
156522
156608
156705
156796
156962
156987
157078
157550
158202
158499
158518
158638
158663
158851
159039
159101
159257
159322
159324
159628
159660
160052
160196
160441
160516
160621
160727
160910
160988
161082
161388
161456
161511
161529
161538
161611
162139
162278
162439
162558
162565
162635
162841
162881
163197
163500
163962
164231
164238
164817
164928
164968
165064
165069
165149
165231
165295
165456
165713
166207
166455
166494
166606
166860
167011
167048
167075
167077
167296
167374
167633
168155
168608
168671
168767
168792
169057
169088
169203
169386
169691
170066
170077
170082
170177
170204
170272
170507
170524
170571
170602
170922
170976
171255
171305
171428
171506
171637
171799
171887
172001
172086
172099
172105
172415
172540
172611
172803
173080
173465
173612
174022
174048
174049
174112
174155
174441
174580
174904
175120
175146
175180
175505
175679
175848
175912
176018
176091
176291
176300
176367
176505
176749
176969
177146
177250
177468
177500
177636
177651
177668
177682
177707
177737
177867
178022
178174
178720
178721
179136
179178
179191
179322
179369
179553
179557
179736
179829
179942
179954
180105
180390
180391
180445
180616
180712
180763
180915
181007
181123
181229
181242
181272
181275
181356
181461
181587
181595
181919
182152
182200
182259
182332
182424
182474
182810
182844
182924
183023
183135
183297
183638
183865
183941
183952
184037
184256
184405
184606
184614
184630
184648
184674
184780
184795
184941
184949
185107
185436
185581
185650
185887
185903
185930
186042
186142
186436
186516
186696
186897
186928
187040
187545
187566
187618
187691
187709
187857
188107
188253
188419
188543
188652
188810
188856
188893
188972
189183
189285
189548
189635
189657
189662
189880
189965
190045
190158
190168
190255
190498
190742
190884
190889
191060
191281
191365
191392
191527
191710
191815
191874
192026
192101
192175
192207
192604
193432
193471
193698
193819
193920
194021
194150
194180
194476
194639
194781
194853
195151
195480
195586
195601
195641
195709
195908
196171
196277
196377
196666
196751
197182
197247
197250
197363
197392
197481
197484
197515
197737
197880
198004
198098
198190
198353
198438
198544
198570
198573
198658
198718
198728
198755
198766
198811
199284
199471
199534
199695
199732
199777
199825
199855
199859
200369
200560
200780
200961
201538
201726
201911
201915
201962
202395
202408
202415
202753
202884
203003
203195
203238
203257
203263
203486
203584
203587
203689
203765
203796
203896
203961
204080
204124
204202
204215
204373
204384
204425
204702
204724
204928
205020
205037
205074
205076
205145
205227
205276
205369
205494
205583
205584
205599
205667
205710
205933
206026
206063
206160
206308
206343
206352
206494
206716
206749
206881
206882
207096
207124
207142
207213
207330
207360
207394
207405
207417
207474
207510
207540
207634
207755
207778
207867
207892
207929
208174
208422
208885
208922
209039
209267
209461
209760
209951
209986
210108
210191
210620
210663
210768
210897
210965
211022
211937
212005
212065
212103
212116
212161
212221
212527
212567
212573
212828
212854
212934
212978
213197
213208
213215
213256
213269
213306
213317
213516
213547
213600
213704
213823
214124
214290
214650
214728
214826
214833
215005
215174
215377
215587
215724
215829
216036
216058
216268
216277
216467
216732
216825
217086
217137
217458
217462
217696
218044
218292
218346
218358
218445
218538
218631
218871
219008
219234
219422
219760
219829
219930
219930
220292
220345
220626
220630
220846
221007
221109
221431
221445
221546
221607
221729
221729
221838
221991
222028
222048
222080
222196
222239
222449
222470
222513
222654
222973
223559
223606
223658
223792
223800
223886
223978
224095
224122
225203
225255
225368
225389
225428
225610
225661
225683
225785
226371
226374
226487
226772
226866
226894
227038
227260
227308
227415
227505
227551
227764
227934
228092
228200
228424
228698
228734
228792
228899
229015
229045
229128
229164
229241
229281
229306
229402
229959
230053
230065
230151
230236
230238
230528
230560
230863
230918
231240
231268
231325
231331
231377
231411
231552
231711
231769
231804
231815
231850
231927
232052
232071
232261
232281
232349
232450
232624
232783
232810
232813
232859
232939
232972
233062
233218
233357
233358
233630
233763
233788
233833
233887
233891
233950
234122
234180
234214
234250
234263
234269
234303
234655
234678
234719
234724
234792
234869
234883
234912
235083
235171
235294
235404
235542
235563
235589
235670
235670
236154
236167
236257
236355
236388
236448
236572
236697
236782
236997
237029
237157
237216
237233
237269
237383
237389
237428
237443
237526
237707
237782
237887
238007
238177
238357
238408
238629
238639
238716
238860
238896
239415
239628
239717
239744
239773
239803
239933
239965
240041
240070
240115
240182
240233
240446
240511
240831
240885
240913
240985
241032
241274
241412
241441
241665
241692
241855
241868
241874
241878
242010
242019
242138
242158
242305
242354
242373
242474
242504
242630
242835
242849
242937
243033
243342
243370
243496
243683
243713
243809
244020
244028
245117
245145
245153
245245
245254
245312
245372
245628
245701
245806
245941
245989
246086
246096
246204
246245
246498
246677
247020
247075
247256
247433
247503
248010
248065
248213
248429
248554
248590
248788
248946
249011
249085
249202
249229
249302
249403
249691
249707
249824
250332
250398
250429
250562
250574
250932
251027
251086
251096
251189
251277
251420
251486
251525
251560
251608
251992
252048
252075
252361
252498
252860
253179
253674
253723
253744
253807
254187
254521
254528
254571
254572
254682
254926
254974
255045
255171
255643
255651
255734
255822
255844
255893
256065
256338
256490
256759
256822
256897
256987
257122
257124
257194
257415
257462
257613
257798
257821
257831
257932
257983
258135
258396
258412
258550
258575
258658
258860
258957
258966
258975
259010
259149
259182
259453
259679
259835
259856
259912
259968
260017
260138
260150
260193
260268
260286
260293
260299
260556
260820
261119
261160
261196
262075
262099
262103
262160
262241
262253
262267
262311
262383
262539
262542
262561
262610
262749
262763
262765
262803
262896
262950
263001
263179
263264
263313
263353
263366
263454
263645
263701
263739
263934
263992
264262
264411
264553
264665
264669
265107
265122
265207
265338
265412
265943
265950
266100
266217
266223
266333
266719
266793
266828
266849
266893
267452
267515
267587
267635
267708
267833
267884
267884
267908
268201
268480
268718
268955
269004
269019
269080
269169
269552
269573
269596
269624
269962
269973
270094
270123
270272
270295
270434
270794
270967
271089
271120
271416
271517
271660
271981
272005
272620
272848
273407
273512
273585
273592
273836
273893
273984
274011
274050
274274
274303
274312
274393
274524
274526
274666
274707
274920
275359
275369
275476
275503
275598
275776
276028
276050
276156
276425
276639
276663
276711
276771
276860
276899
276911
277135
277516
277549
277589
277896
278216
278278
278329
278398
278448
278501
278705
278787
278907
279013
279068
279152
279287
279498
279570
279705
279796
279805
279819
279945
279975
280025
280259
280329
280350
280569
280603
280784
280954
281125
281199
281451
281459
281624
281630
281694
281697
281745
281810
282070
282089
282103
282414
282434
282453
282500
282638
282643
282745
282907
282998
283094
283285
283309
283482
283525
283653
283754
283769
283939
284033
284420
284449
284497
284498
284542
284548
284631
285299
285441
285546
285675
285751
285947
286016
286052
286123
286139
286166
286188
286190
286514
286608
286691
286759
286776
286796
286834
287216
287267
287637
287908
288019
288216
288323
288398
288447
288524
288525
288622
288854
288906
288939
288951
289047
289236
289387
289519
289539
289668
289678
289946
290237
290250
290277
290466
290472
290473
290557
290578
290820
290870
290872
291000
291081
291092
291114
291237
291346
291381
291412
291606
291745
291794
292026
292032
292131
292135
292384
292688
292722
292873
293238
293496
293755
293974
294459
294489
294757
295005
295006
295024
295247
295490
295644
295650
295849
295858
295897
296006
296126
296130
296252
296415
296420
296430
296648
296936
297109
297164
297175
297318
297404
297525
297544
297680
297682
297934
297946
298105
298124
298329
298335
298376
298395
298528
298786
298879
298924
299121
299411
299675
300026
300050
300204
300300
300351
300429
300512
300568
300635
300936
301122
301350
301361
301864
302055
302467
302636
302915
303227
303288
303378
303450
303586
303692
303799
304028
304342
304466
304480
304642
304648
304663
304768
304821
304854
304860
305285
305326
305399
305491
305549
305585
305750
305949
306066
306067
306212
306281
306327
306346
306446
306646
306869
306986
307449
307577
307626
307652
307709
307803
307973
307977
308194
308388
308822
308838
308862
308930
309124
309160
309330
309558
309659
309674
309814
309845
309879
310255
310289
310366
310377
310452
310553
310713
310786
310978
311100
311424
311457
311782
311918
311972
312038
312082
312400
312443
312522
312605
312707
312908
313181
313210
313612
313614
313639
313773
313965
313969
314038
314081
314304
314471
315012
315023
315034
315312
315654
315695
315739
315823
316048
316085
316459
316625
316792
316810
316853
316917
316970
317020
317084
317201
317299
317339
317349
317488
317718
317923
318140
318151
318329
318345
318421
318632
318919
319042
319049
319520
319767
319827
320073
320245
320269
320313
320437
320443
320444
320721
320737
320795
320872
320943
320997
321060
321082
321180
321226
321264
321273
321316
321329
321474
321673
321734
321777
321915
321937
321945
322842
322986
323020
323021
323127
323323
323413
323437
323490
323656
323776
323781
323916
324098
324191
324281
324321
324339
324439
324531
324569
324610
324765
324927
325162
325263
325313
325469
325717
326138
326226
326400
326444
326524
326774
326787
327522
327622
327750
328042
328376
328447
328473
328575
328655
328657
328776
329087
329328
329526
329614
329619
329741
329908
330032
330172
330317
330535
330696
330917
330954
331070
331106
331124
331243
331606
331636
331884
331965
332255
332423
332825
333066
333744
334296
334434
334448
334557
334686
334713
334765
334932
335052
335215
335236
335292
335304
335381
335413
335527
335639
335641
335661
335714
335738
335810
335849
336491
336513
336584
336639
336643
336809
336934
336965
337279
337424
337471
337535
338100
338359
338562
338594
338843
338917
338927
338953
339032
339300
339397
339505
339597
339730
339751
339908
339931
339953
339961
340055
340242
340854
340946
341112
341474
341542
341580
341791
341927
341999
342240
342387
342740
342763
342823
342825
342991
343093
343125
343290
343599
343606
343636
343658
344187
344402
344782
344888
344942
344964
345002
345066
345155
345188
345472
345494
345538
345568
345625
345936
345959
345991
346063
346320
346435
346728
346762
346789
346894
347023
347041
347326
347527
347545
347609
347926
347931
347990
348103
348231
348271
348444
348572
348786
348840
348852
348878
349065
349103
349124
349389
349577
349584
349638
349702
349899
349974
350042
350043
350122
350159
350314
350610
350812
351003
351598
351774
351866
351876
351941
352019
352502
352649
352889
353239
353311
353344
353869
353999
354359
354377
354391
354391
354427
354531
354728
355115
355140
355202
355355
355516
355683
355901
355923
356026
356284
356322
356441
356536
356566
356712
356818
356860
357037
357113
357124
357343
357404
357471
357500
357549
357565
357575
357735
357770
358139
358462
358627
358685
358761
358912
359102
359244
359346
359375
359426
359465
359493
359602
359681
359760
359895
360308
360343
360364
360445
360497
360514
360870
361117
361214
361349
361688
361736
361793
361848
362095
362159
362226
362351
362449
362460
362791
362907
362921
362927
362950
363018
363046
363363
363535
363546
363732
363749
363965
364054
364073
364177
364304
364457
364824
365269
365734
365779
365818
365832
365853
366136
366188
366432
366481
366490
366636
366771
367108
367204
367232
367301
367325
367327
367389
367585
367699
367834
367895
368030
368188
368192
368244
368397
368452
368482
368653
368675
368700
368750
368823
368911
368961
369018
369047
369134
369247
369297
369364
369441
369710
369951
370396
370468
370534
370555
370742
370745
370936
370940
371034
371035
371102
371105
371197
371202
371278
371318
371550
371599
371908
372071
372095
372435
372444
372458
372494
372681
372694
372698
372737
372849
373168
373179
373191
373205
373295
373448
373611
373655
373666
373908
373924
374158
374173
374202
374409
374493
374556
374643
374827
374865
374985
375223
375292
375697
375766
376150
376242
376463
376550
376623
376675
376978
377055
377069
377265
377386
377463
377812
377916
377968
378807
378811
378840
379062
379098
379200
379285
379467
379533
379631
379715
379736
380007
380141
380227
380309
380340
380431
380672
380721
380887
380959
381471
381582
381588
381588
381659
381795
381997
382002
382021
382083
382396
382405
382450
382461
382492
382706
382732
382748
382752
383106
383233
383236
383247
383507
383628
383712
383855
383939
384091
384198
384225
384228
384268
384332
384347
384370
384456
384540
384662
384743
384965
384998
385150
385302
385352
385568
385634
385864
386218
386226
386237
386474
386474
386612
387085
387407
387414
387437
387501
387568
388023
388037
388166
388193
388308
388312
388714
388992
389091
389151
389275
389498
390103
390338
390387
390397
390494
390976
391007
391093
391169
391445
391760
391852
391954
392090
392154
392242
392308
392406
392496
392518
392707
392730
392774
392821
393050
393054
393064
393088
393238
393264
393604
393716
393776
394007
394118
394279
394471
394719
395437
395473
395502
395527
395904
395996
396004
396022
396056
396173
396248
396336
396409
396787
396809
396863
397268
398047
398088
398162
398246
398259
398316
398560
398622
398881
398983
398986
399014
399185
399198
399230
399256
400070
400442
400582
400585
400586
400692
400829
401066
401066
401173
401201
401215
401511
401544
401718
401730
401741
401900
401979
402058
402495
402533
402662
402897
402901
402930
402947
402948
403128
403191
403239
403435
403472
403547
403556
403636
403651
403943
403944
403962
404000
404008
404035
404151
404431
404470
404582
404679
405089
405266
405696
405723
405729
405933
406145
406297
406342
406479
406494
406686
406734
407181
407185
407322
407329
407419
407519
407533
407551
407585
407914
407951
408226
408390
408415
408435
408508
408528
408609
408621
408750
408831
408885
409029
409222
409608
409679
409680
409906
409926
409983
410088
410129
410359
410380
410408
410501
410530
410607
410658
410754
410924
411015
411126
411380
411476
411693
411693
411738
411879
412199
412213
412303
412383
412619
412966
413071
413082
413204
413419
413545
413610
413734
413930
413931
414016
414173
414212
414221
414592
414692
414744
415192
415207
415213
415406
415490
415562
415632
415828
415866
415986
415999
416026
416193
416230
416275
416537
416571
416593
416633
416934
416964
417063
417296
417480
417495
417799
417814
418210
418482
418558
418652
418671
418687
418702
418749
418841
419316
419490
419521
419526
419737
419853
419917
419962
420083
420204
420346
420456
420462
420487
420527
420540
420636
420844
421087
421113
421837
422058
422159
422364
422612
422655
422686
422712
422725
423090
423347
423384
423914
424120
424374
424420
424642
424995
425158
425191
425270
425450
425536
425613
425637
425863
425871
425920
426020
426039
426079
426151
426255
426275
426501
426653
426695
426936
427019
427058
427330
427479
427506
427602
427619
427648
427648
427737
427777
428161
428185
428377
428405
428485
428555
428590
428654
428705
428764
428828
428854
428987
429047
429313
429322
429582
429838
430113
430311
430356
430745
430975
431046
431129
431163
431360
431377
431570
431631
431982
432380
432505
432575
432589
432692
432700
432872
432881
432885
432915
432928
432937
432973
432982
432995
433025
433489
433561
433708
433734
433992
434134
434169
434261
434389
434509
434553
434659
434702
434757
434779
434781
434829
434850
434898
434908
435029
435034
435102
435233
435308
435375
435383
435409
435643
435920
435939
436630
436641
436692
436723
436785
436882
436942
436971
437032
437087
437279
437396
437451
437563
437588
437635
437987
438086
438096
438104
438296
438456
438643
438671
438760
438975
439181
439240
439240
439317
439406
439502
439602
439739
439882
440043
440165
440307
440446
440486
440621
440673
440958
441118
441242
441286
441557
441758
441927
441964
441978
442029
442030
442330
442434
442840
442842
442917
443170
443179
443239
443275
443323
443393
443605
443705
443997
444016
444022
444045
444064
444153
444314
444636
444698
444717
444816
444887
444947
445006
445050
445052
445129
445166
445172
445357
445696
445721
445796
446062
446069
446117
446212
446335
446473
446974
447000
447268
447276
447370
447395
447599
447634
447762
447790
448008
448117
448481
448552
448734
449132
449467
449513
449521
449536
449885
449972
450116
450249
450383
450707
450789
450808
451082
451106
451108
451129
451373
451483
451485
451539
451661
451813
451934
452269
452352
452512
452659
452778
452785
452852
453210
453507
454078
454345
454373
454393
454473
454800
455133
455350
455351
455672
455829
455949
456379
456392
456484
456559
456559
456738
456849
457038
457096
457313
457542
457549
457739
457820
457845
457856
458225
458238
458513
458578
458692
458866
458926
459131
459157
459202
459221
459291
459334
459352
459361
459395
459436
459453
459529
459780
459883
460030
460134
460232
460307
460400
460403
460422
460552
461020
461276
461665
461675
461844
461936
461987
462020
462249
462675
463223
463397
463476
463479
463497
463916
463991
464026
464123
464165
464663
464812
464859
464998
465088
465115
465377
465486
465525
465670
465673
465762
465817
465828
466082
466185
466195
466338
466355
466357
466481
466549
466939
467104
467356
467390
467433
467617
467623
467641
467702
467715
467847
467958
467960
468022
468044
468200
468473
468665
468709
468879
469199
469592
470262
470429
470504
470525
470980
471101
471322
471396
471432
471438
471469
471675
471712
471719
471808
471976
472140
472148
472403
472436
472566
472721
472907
472932
473062
473108
473471
473911
474121
474127
474451
474462
474573
474667
474790
474807
474893
475025
475047
475205
475324
475373
475419
475467
475719
475726
475737
475762
475822
475845
475894
476152
476449
476458
476505
476519
476750
477021
477046
477201
477306
477339
477461
477655
477890
478116
478136
478165
478204
478608
478788
479046
479062
479085
479144
479159
479161
479164
479302
479439
479674
479976
480014
480016
480178
480309
480386
480426
480545
480608
481121
481180
481193
481266
481779
481912
482100
482160
482461
482645
482877
482908
483401
483447
483580
483748
483838
483850
483891
483960
484005
484029
484099
484162
484242
484402
484653
484784
484862
484974
485050
485157
485229
485582
485694
485860
486136
486382
486553
486584
486615
486996
487119
487149
487179
487529
487546
487642
487745
487856
488141
488192
488292
488456
488505
488549
488677
488909
488951
489082
489134
489166
489168
489175
489313
489440
489525
489877
489987
490016
490061
490186
490245
490458
490562
490611
490676
490738
491166
491178
491266
491271
491368
491610
491894
491898
492148
492166
492280
492387
492488
492543
492683
492807
492808
492944
493032
493077
493220
493295
493545
493851
493898
493949
493991
494069
494411
494761
494793
494795
494940
495074
495097
495139
495147
495166
495209
495332
495700
495797
495848
496233
496294
496295
496334
496391
496392
496487
496537
496599
496604
496937
496949
497022
497170
497221
497366
497648
497660
497701
497718
497886
497895
497969
498324
498364
498436
498672
498974
498982
499714
500136
500174
500197
500311
500313
500316
500423
500490
500518
500688
500763
500864
500915
501104
501178
501279
501282
501472
501539
501583
501763
501811
501872
501987
501993
501993
502015
502115
502859
502898
502986
503048
503110
503171
503218
503279
503324
503360
503506
503770
504034
504173
504465
504487
504597
505141
505296
505445
505494
506034
506162
506257
506408
506627
506641
506804
506832
506929
506980
507092
507140
507153
507394
507428
507505
507728
507948
507978
507994
508078
508093
508125
508131
508275
508314
508362
509354
509405
509488
509498
509586
509774
509856
510268
510270
510349
510414
510569
510830
511032
511171
511230
511303
511335
511504
511569
512065
512067
512455
512621
512694
512704
512796
512943
513120
513147
513182
513280
513354
513411
513467
513482
513676
513766
513986
514117
514170
514273
514323
514430
514763
514965
515123
515301
515763
515797
515872
515936
516363
516408
516533
516609
516618
516619
516698
517221
517320
517527
517680
517774
517790
517794
517977
518046
518064
518263
518337
518388
518639
518668
518687
518811
519153
519290
519347
519354
519384
519560
519586
519873
519877
520160
520289
520492
520666
520742
521292
521372
521380
521430
521553
521779
521870
521919
522091
522149
522950
523002
523109
523233
523483
523647
523755
523916
524080
524175
524179
524508
524575
524697
524791
524797
525096
525305
525505
525546
525645
525645
525647
526710
526777
526846
526877
526905
526979
527362
527480
527618
527673
527908
527955
527962
528046
528109
528208
528299
528452
528503
528650
528902
529005
529108
529319
529368
529479
529556
529601
529625
529663
529737
529737
529805
529912
530326
530369
530459
530775
531396
531419
531565
531622
531878
531888
531906
532105
532252
532391
532622
532702
532737
532775
532950
533035
533463
533477
533536
533828
533884
533906
534013
534284
534329
534475
534485
534536
534675
534962
535001
535010
535044
535075
535092
535503
535702
535896
535953
536182
536455
536517
536534
536620
536896
537041
537052
537056
537343
537370
537436
537714
537943
538250
538307
538432
538542
538551
538741
538824
539035
539084
539132
539154
539157
539411
539419
539458
539460
539596
539628
539831
539855
539935
540127
540223
540396
540699
540781
540991
541046
541465
541628
541637
541792
541850
541940
542012
542117
542168
542232
542318
542437
542504
542623
542744
542804
542851
542892
543099
543137
543181
543294
543465
543500
543551
543633
543870
544133
544464
544603
544791
544802
544889
544951
544985
545087
545120
545218
545292
545447
545448
545478
545485
545792
545853
545901
545955
546011
546054
546306
546955
547128
547249
547305
547359
547390
547408
547568
547617
547909
548049
548117
548256
548299
548376
548463
548614
548632
548644
548691
548728
549179
549238
549505
549571
549784
549921
550024
550054
550096
550113
550203
550204
550627
550653
550687
550689
551491
551499
552202
552278
552380
552466
552695
552751
552752
552781
552844
553271
553442
553514
553569
553589
553725
553849
553873
554078
554149
554276
554293
554452
554864
554872
555093
555208
555215
555256
555350
555394
555649
555704
555784
555895
556133
556167
556334
556404
556431
556453
556714
556805
557100
557215
557304
557447
557498
557566
557808
557929
558167
558408
558447
558490
558537
558612
558801
559715
559749
559809
559973
560238
560368
560395
560648
560875
560883
561022
561349
561529
561624
561688
561690
561845
561879
561927
562115
562271
562313
562316
562408
562618
562745
562997
563147
563329
563658
563701
564178
564220
564532
564564
564677
564714
564787
564853
564919
565346
565415
565451
565464
565585
565643
565692
565811
565827
566024
566353
566469
566526
566596
566674
567087
567197
567225
567278
567349
567365
567439
567590
567625
567893
568241
568319
568392
568688
568799
568953
569047
569170
569278
569368
569444
569619
569814
570131
570169
570925
571175
571197
571210
571592
571604
571823
571942
571992
572206
572305
572366
572372
572633
572667
572742
572756
572782
573055
573153
573175
573346
573346
573578
573883
573916
574090
574252
574384
574395
574605
574999
575042
575060
575116
575219
575246
575429
575431
575432
575470
575491
575518
575518
575621
575692
575836
576157
576291
576372
576556
576574
576722
576758
576873
576929
577100
577123
577260
577388
577588
577624
577625
577769
577796
577951
578106
578122
578221
578371
579247
579380
579458
579499
579813
579843
579993
580040
580158
580709
580742
581145
581235
581241
581297
581414
581452
581487
581616
581788
581830
581936
581974
581993
582579
582604
582723
582788
582867
582915
582920
583330
583391
583665
583921
583987
584065
584116
584357
584435
584491
584586
584674
584870
585061
585355
585435
585488
585562
585625
585776
585847
586017
586037
586272
586530
586562
586637
586653
586792
586838
586919
587050
587134
587191
587267
587390
587497
587596
587615
587626
587784
587828
587866
587894
588150
588517
588533
588662
588731
589577
589673
589695
589734
589910
589938
590010
590982
591120
591154
591158
591692
591736
592292
592374
592519
592764
592767
592776
592894
593214
593352
593464
593671
593684
593750
593786
593872
593883
594592
594816
594970
595126
595304
595443
595550
595585
595719
595724
595953
596079
596213
596277
596346
596411
596518
596645
596667
596722
597033
597034
597042
597630
597920
597978
598061
598080
598195
598246
598473
598610
598616
598725
598774
599077
599554
599712
599728
600018
600312
600423
600706
600775
600795
600960
600974
601003
601185
601273
601364
601815
601901
602004
602038
602258
602263
602324
602450
602526
602722
602751
603046
603046
603562
603612
603660
603682
603811
603887
604124
604314
604708
604721
604762
604802
604881
605293
605349
605355
605610
605709
605793
605840
605842
606623
606680
606745
606872
606886
606914
606920
607048
607134
607520
607632
607807
607861
607904
608396
608504
608623
608668
608795
609150
609185
609451
609469
609587
609722
610084
610262
610411
610437
610553
610665
610824
610830
610953
611005
611185
611274
611538
611647
611665
612067
612338
612382
612599
612612
612668
612812
612867
612983
612988
613126
613273
613718
613721
613873
614139
614170
614197
614363
614390
614439
614555
614677
614730
615049
615051
615543
615724
615724
615869
616194
616692
616734
616828
617138
617234
617421
617561
617581
617900
618149
618290
618582
618612
618640
618999
619365
619432
619445
619472
619624
619625
619753
619764
619885
620056
620121
620280
620382
620519
620548
620566
620895
620929
620932
620985
621199
621257
621260
621732
621883
621944
622100
622159
622256
622269
622296
622335
622415
622422
622470
622543
622744
622748
622763
622941
623217
623223
623249
623336
623533
623733
623877
623951
624182
624368
624509
624602
624665
625100
625159
625161
625204
625533
625588
625685
625794
625961
626087
626135
626234
626262
626323
626339
626694
626764
626877
626938
626969
627139
627268
627399
627465
627701
628154
628205
628355
628394
628661
628692
629137
629511
629585
629616
629720
629818
629987
630110
630147
630346
630520
630589
630661
630755
631378
631778
632091
632137
632286
632363
632419
632469
632472
632512
632580
632778
633748
633787
633964
634120
634286
634377
634581
634616
634726
634742
634757
634813
634914
635115
635377
635409
635418
635442
635533
635923
635990
636148
636200
636402
636716
637153
637222
637324
637330
637757
637768
637915
637980
638054
638056
638714
639045
639269
639443
639470
639471
639533
639558
639855
639859
639991
640376
640511
640537
640850
641120
641343
641478
641498
641855
642127
642208
642237
642295
642437
642477
642677
642898
643009
643173
643586
643718
643741
643972
644035
644293
644624
644633
644969
645270
645272
645369
645453
646078
646229
646238
646269
646285
646464
646486
646515
646636
646710
647202
647278
647432
647564
647591
647919
648200
648480
648500
648565
648600
648793
648925
649095
649185
649564
649739
649741
649827
649833
649930
649963
650044
650345
650400
650658
650682
650747
650809
651202
651220
651663
652007
652032
652166
652173
652199
652254
652304
652357
652537
652614
652629
652845
652979
653301
653318
653338
653935
653958
653965
654060
654398
654453
654476
654578
655010
655239
655381
655710
655742
655824
655865
655877
655879
656086
656270
656358
656492
656681
656688
656906
657081
657504
657651
657664
658088
658246
658488
658554
658785
658825
658893
659333
659517
659636
659746
660282
660317
660473
660644
660857
661147
661271
661348
661365
661680
662014
662163
662206
662214
662276
662335
662366
662386
662638
662696
663184
663276
663355
663451
663554
663908
663962
664141
664347
664661
664828
664912
664960
665083
665109
665149
665248
665371
665630
665647
666212
666401
666671
666835
666900
666945
667072
667101
667635
667641
667685
667760
668034
668072
668131
668245
668275
668278
668374
668550
668697
668858
668927
668951
669425
669501
669519
669888
670142
670152
670167
670265
670737
670774
670804
671017
671093
671098
671128
671249
671387
671424
671736
671810
671853
671977
672062
672177
672531
672697
672989
673001
673044
673103
673187
673419
673452
673606
673844
673893
674028
674031
674103
674149
674371
674457
674666
674680
674746
674831
675105
675259
675370
675406
675451
675533
676032
676079
676131
676199
676366
676396
676427
676452
676536
676698
676725
676902
677291
677341
677741
677862
677946
678111
678208
678242
678448
678601
678634
679110
679169
679234
679312
679509
679638
679704
679831
679903
679964
680042
680592
680953
681007
681138
681367
681625
681681
681708
681880
681937
681940
681983
682104
682109
682147
682169
682261
682406
682610
682626
682629
682719
682838
682863
682964
682976
683037
683112
683132
683142
683417
683485
683507
683856
684009
684048
684266
684299
684328
684437
684600
684781
684911
684974
685440
685455
685487
685635
685648
685654
685708
685890
686122
686170
686208
686235
686421
686556
686752
686943
686974
686984
687030
687036
687104
687215
687347
687357
687398
687400
687449
687725
687738
687791
687805
687808
688041
688074
688303
688535
688541
688601
688647
689226
689233
689398
689640
689659
690014
690091
690109
690300
690418
690565
690565
690702
691169
691239
691284
691381
691668
691678
691822
691872
691897
691907
692024
692484
692487
692572
692628
692909
693108
693207
693369
693470
693676
693728
693743
693743
693773
693823
693934
693944
693971
694033
694528
694583
694971
694978
694980
695097
695115
695191
695324
695420
695454
695687
695754
695765
695771
695888
695894
696005
696011
696200
696235
696454
696488
696653
696688
696795
697288
697297
697300
697459
697539
697591
697671
697712
697761
697764
698139
698331
698512
698680
698738
698739
698929
698937
699048
699207
699352
699440
699459
699539
699550
699553
700109
700347
701184
701230
701267
701301
701345
701738
701835
701959
701979
702052
702236
702529
702536
702584
702795
702853
703027
703283
703292
703404
703867
703890
704127
704350
704592
704779
704799
704863
704971
704974
705017
705165
705357
705487
705511
705676
705698
705724
705861
705886
706403
706697
706767
707144
707254
707629
707650
707775
707937
708060
708340
708361
708387
708575
708589
708833
708838
709060
709158
709240
709623
709987
710359
710384
710387
710506
710526
710637
711105
711162
711167
711190
711222
711227
711410
711679
711698
711732
711743
711780
712263
712345
712407
712911
713076
713189
713233
713251
713351
713686
713812
713974
714211
714250
714299
714391
714493
714506
714574
714648
714677
714688
715482
715533
715748
715845
716164
716425
716490
716735
716781
716835
716876
717009
717137
717276
717322
717480
717497
717510
717865
718029
718091
718144
718509
718528
718717
718974
719034
719403
719458
719640
719698
719988
720022
720058
720101
720251
720298
720394
720402
720447
720666
720684
720871
721006
721102
721154
721388
721404
721519
721555
721605
721626
721674
721852
721858
721928
721934
722020
722086
722272
722360
722769
723148
723583
723583
723764
723975
723987
724073
724487
724552
724639
724702
724743
724841
724861
725061
725122
725226
725411
725887
726144
726190
726206
726215
726254
726633
726685
726743
726764
727017
727049
727126
727422
727544
727804
727925
728030
728048
728080
728495
728671
728714
728819
728940
729012
729016
729251
729265
729393
729398
729645
729729
729760
729803
729881
729889
729935
729956
729998
730148
730229
730404
730419
730493
730655
730802
730891
730938
731086
731378
731777
731847
731883
732152
732254
732464
732574
732784
732843
732887
733033
733072
733326
733550
733926
734003
734006
734083
734157
734199
734230
734516
734666
735309
735672
735691
735783
735954
736385
736421
736509
736600
736784
737000
737113
737148
737230
737382
737526
737649
737664
737753
737764
737795
737895
737996
738607
738669
738867
739002
739013
739089
739104
739162
739257
739433
739504
739673
739704
739834
739909
739924
740187
740239
740581
740711
740773
740890
741048
741361
741535
741664
741686
741742
741819
741830
742013
742182
742351
742406
742423
742693
743104
743139
743261
743572
743984
743987
744115
744404
744457
744476
744632
744803
744911
744915
745021
745096
745607
745611
745630
746183
746526
746559
746812
747096
747185
748009
748252
748255
748297
748525
748749
748773
749075
749190
749352
749598
749776
749852
750038
750176
750177
750537
750732
751256
751506
751532
751814
751950
751954
752009
752072
752124
752540
752580
752687
752725
753073
753294
753405
753475
753590
753596
753801
753802
753948
753998
754060
754121
754139
754185
754204
754289
754362
754389
754473
754573
754629
754942
755046
755698
755801
755831
756084
756200
756253
756478
756629
756737
756910
756962
757261
757276
757400
757822
757914
758030
758044
758102
758155
758441
758591
758778
758952
758983
759212
759289
759376
759428
759531
759552
759636
759758
759931
759960
760080
760097
760152
760223
760305
760365
760386
760412
760655
760686
760913
761079
761126
761195
761203
761229
761403
761431
761453
761519
761741
761808
761815
761825
762009
762024
762234
762284
762318
762359
762403
762480
762579
762752
762782
763030
763160
763268
763647
763793
763830
764270
764325
764328
764677
764746
764920
764932
765041
765170
765247
765322
765462
765593
765710
765714
766161
766220
766466
766470
766516
766551
766570
766872
767274
767319
767447
767479
767521
767640
767653
767669
767785
767828
767938
767982
768014
768031
768512
768729
769147
769252
769557
769947
770031
770088
770233
770397
770573
770630
770723
771096
771706
771720
772003
772016
772024
772114
772707
773135
773185
773212
773434
773470
773719
773883
773930
774167
774204
774265
774418
774445
774541
774786
774881
775035
775187
775631
775652
775774
775801
776049
776461
776508
776559
776640
776731
776858
777138
777445
777470
777536
777856
777911
777987
778025
778026
778410
778526
778660
778718
778732
778791
778795
778956
778976
779004
779052
779062
779386
779427
779462
779707
779765
779975
780106
780134
780318
780528
780701
780758
780826
781902
781970
782031
782052
782158
782516
782747
782809
782824
782846
782857
783018
783164
783179
783179
783266
783361
783699
783728
783767
783792
784165
784213
784310
784672
785029
785086
785242
785314
785439
785638
785719
785768
785801
785844
785858
785920
785981
786070
786379
786446
786451
786663
786762
787037
787202
787384
787431
787432
787456
787788
787899
787988
788129
788414
788547
788766
788825
788864
788875
788984
789207
789408
789441
789502
789546
789811
789971
790222
790422
790476
790657
790755
790907
791305
791362
791408
791418
791506
791538
791799
791897
792047
792094
792119
792260
792967
793096
793185
793358
793383
793420
793442
793645
793668
793880
793909
794261
794519
794588
794625
795037
795071
795222
795310
795381
795400
795629
795808
795889
796102
796218
796266
796288
796295
796499
796659
796721
796732
796802
796914
796981
797463
797615
797650
797689
797740
797796
798041
798153
798206
798370
798488
798669
798748
798857
799203
799252
799365
799464
799560
799717
800018
800429
800497
800550
800575
800582
800678
800746
800857
800913
801075
801337
801465
801466
801642
801885
802021
802026
802192
802492
802518
802752
802756
802782
802799
802832
802862
802911
802925
803037
803045
803066
803090
803203
803266
803311
803340
803574
803897
803956
804045
804181
804195
804271
804273
804364
804411
804826
804832
804853
804867
804902
804945
805122
805290
805311
805355
805441
805867
806093
806108
806242
806289
806317
806356
806962
807087
807327
807415
807507
807671
807737
807773
807818
807859
808148
808313
808363
808544
808606
808660
808874
808909
808970
809265
809583
809723
810109
810178
810285
810392
810676
810708
810955
811162
811336
811391
811481
811563
811586
811633
811676
811686
811732
811799
811947
811985
812135
812153
812160
812223
812365
812458
812608
812647
812787
812987
813048
813051
813110
813386
813460
813586
813886
814104
814116
814205
814235
814323
815049
815153
815192
815306
815413
815543
815555
815698
815903
816036
816047
816081
816128
816163
816173
816204
816248
816375
816664
817184
817225
817248
817443
817447
817484
817566
817595
817911
817960
818080
818173
818436
818773
818853
819041
819069
819391
819499
819545
819628
819779
819794
819927
820066
820083
820317
820598
820691
820904
820988
821124
821292
821298
821482
821631
821914
822571
822702
822750
822986
823007
823116
823535
823592
823815
823926
824140
824618
824628
824669
824738
825253
825327
825336
825399
825602
825726
826176
826265
826438
826512
826563
826799
827141
827685
827721
827834
827900
827909
827986
828896
829058
829128
829434
829653
829791
829846
829850
829853
829871
830075
830386
830454
830521
830605
830629
830852
830880
831029
831465
831722
831737
831799
831813
831831
831901
832092
832162
832189
832279
832479
832562
832608
832878
832925
833246
833287
833313
833461
833505
833589
833707
833745
833746
833799
833830
833866
833913
833954
834014
834049
834412
834449
834459
834523
834539
834648
835031
835098
835377
835554
836147
836168
836404
836410
836770
836820
836863
837136
837289
837466
837547
837684
837707
837711
837738
837743
837755
837865
838162
838217
838241
838347
838369
838462
838465
838576
838589
838676
838941
838969
839019
839050
839111
839838
839852
839871
839891
840000
840059
840116
840537
840949
841102
841465
841538
841578
841587
841674
841793
842030
842125
842330
842468
842862
842939
842985
843037
843137
843187
843234
843550
843767
843846
844340
844513
844569
844818
844929
845008
845097
845313
845645
845677
845791
845820
845898
845955
845965
846120
846188
846320
846450
846463
846645
846705
846921
847085
847390
847442
847451
847457
847810
847868
847957
848091
848123
848158
848411
848549
848584
848637
848642
848749
848885
849149
849334
849508
849629
850028
850088
850102
850293
850439
850639
850681
850928
851369
851554
851696
851747
851807
851808
852245
852394
852463
852628
852637
852676
852734
852976
853056
853116
853331
853352
853665
853733
853785
853807
854239
854514
854666
854812
854972
855054
855154
855220
855426
855434
855454
855570
855672
855733
855803
855841
855862
855884
855944
856005
856023
856096
856220
856276
856306
856312
856732
856842
856909
856975
857042
857198
857391
857543
857548
857592
857950
858089
858232
858251
858252
858317
858629
858899
858954
858983
858996
859071
859113
859196
859297
859343
859381
859400
859530
859624
859746
859920
859921
859981
860053
860340
860389
860492
860680
861057
861236
861330
861706
861851
861885
862196
862720
862943
863078
863317
863848
863954
863986
864001
864051
864065
864346
864480
864516
864692
864847
864990
865069
865133
865321
865515
865619
866502
866613
866617
866889
866961
867153
867161
867215
867303
867304
867574
867913
867962
868162
868443
868461
868494
868797
868816
869162
869278
869594
869650
869673
869944
869987
870108
870147
870162
870314
870343
870368
870559
870743
870998
871428
871445
871531
871560
872015
872221
872296
872455
872500
872627
872847
872887
873131
873293
873530
874210
874304
874344
874405
874462
874470
874553
874594
874604
874662
874749
874800
874809
874840
875036
875305
875317
875529
875545
875660
875708
875807
875903
876351
876617
876665
876684
876753
876769
876831
876832
877133
877267
877343
877892
877950
878149
878162
878292
878298
878319
878327
878437
878464
878556
878583
878598
878775
878854
878902
878966
879009
879052
879160
879209
879299
879341
879371
879446
879619
879756
879886
879908
879941
880031
880033
880081
880284
880486
880498
880560
880657
880809
881237
881274
881372
881433
881620
881699
881878
881907
881955
881963
882075
882137
882393
882411
882635
882899
882977
882983
883204
883276
883461
883607
883631
883639
883740
883780
884165
884304
884335
884431
884442
884462
884608
884700
884824
884880
884893
885012
885403
885609
885646
885928
886086
886140
886163
886170
886224
886319
886434
886448
886871
886973
887149
887258
887291
887497
887513
887559
887750
888029
888414
888458
888511
888657
888794
888983
889090
889123
889212
889342
889454
889455
889472
889517
889693
889744
889945
889948
890021
890141
890209
890527
890578
890768
890842
890968
891058
891167
891221
891278
891307
891349
891444
891587
891685
892012
892316
892519
892544
892660
892663
892669
892882
892889
892988
893118
893201
893278
893557
893604
893758
893770
894004
894051
894217
894267
894296
894320
894399
894432
894523
894530
894540
894814
894840
894867
895190
895259
895283
895481
895601
895673
895948
895975
896084
896648
896723
897088
897229
897238
897331
897564
897574
897628
897654
897755
898023
898160
898215
898260
898304
898339
898397
898590
898920
898935
899162
899268
899482
899634
899838
899843
899963
900135
900169
900326
900362
900366
900562
900629
900648
900834
900864
901170
901280
901522
901587
901680
901712
901726
901798
902086
902180
902208
902222
902427
902519
902574
902688
902731
902755
903160
903289
903399
903408
903444
903575
903658
903683
903721
903850
903944
903955
904020
904302
904404
904491
904577
904960
905077
905183
905272
905278
905310
905350
905580
905652
905752
905797
905800
905877
905982
906109
906118
906205
906309
906413
906430
906458
906563
906600
906613
906778
906799
906876
906997
907032
907125
907163
907213
907218
907458
907901
908179
908198
908331
908393
908476
908483
908496
908538
908959
909040
909175
909196
909288
909618
909803
909882
909966
910101
910211
910401
910538
910751
910896
910927
910954
910974
911155
911206
911272
911322
911455
911546
911587
911711
911771
911790
911866
911930
911960
912205
912307
912520
912606
912722
912990
913296
913300
913314
913344
913838
913918
914304
914325
914639
914727
914808
914828
915091
915250
915338
915423
915473
915528
915611
915736
916141
916219
916345
916473
916559
916890
917181
917326
917377
917470
917482
917582
917710
917756
917796
917826
918056
918238
918358
918493
918717
918813
919136
919398
919660
919958
920110
920202
920267
920279
920554
920815
920850
921181
921246
921275
921306
921442
921557
921637
921854
922243
922252
922314
922402
922478
922493
923037
923038
923742
923744
923759
923760
923772
923910
924003
924289
924315
924560
924686
924841
924987
924988
925080
925121
925202
925660
925684
926155
926176
926488
926568
926649
926672
926922
927233
927291
927312
927393
927497
927543
927550
927685
927719
927747
927764
927813
928291
928328
928354
928436
928554
928611
928931
928951
929035
929277
929293
929453
929529
929876
929883
929939
930147
930313
930406
930489
930595
930613
930725
930848
930851
930954
930960
930973
931007
931118
931442
931628
931741
932010
932094
932107
932156
932330
932365
932500
932616
932692
932698
932792
932863
933355
933482
933486
933603
934344
934524
934742
934766
935028
935038
935214
935301
935374
935384
935403
935481
935573
935590
935650
935785
936218
936283
936304
936541
936800
937127
937200
937493
937553
937585
937607
937640
937659
937859
937970
938067
938078
938217
938244
938486
938663
938781
938812
938933
939001
939182
939220
939227
940014
940088
940376
940396
940407
940623
940659
940691
940865
941079
941298
941404
941423
941768
942126
942134
942212
942281
942303
942671
942829
943097
943131
943145
943312
943758
943897
943918
943939
944017
944027
944138
944395
944822
945813
945893
945942
945949
945989
946249
946290
946573
946656
946968
947024
947132
947233
947540
947558
947685
947770
948204
948476
948566
948726
948745
948762
949130
949146
949229
949488
949727
950003
950027
950281
950716
950722
950908
951364
951517
951898
952027
952103
952265
952815
952912
952979
952988
953147
953187
953312
953407
953508
953658
953757
953866
954221
954236
954251
954340
954511
954552
954642
954678
954700
954882
954913
954984
955142
955157
955172
955180
955193
955432
955620
955628
955796
955855
955873
955900
956063
956105
956191
956222
956443
956527
956542
956629
956631
956796
956955
957007
957232
957292
957351
957513
957641
957779
957817
957820
958245
958315
958400
958556
958607
958878
958943
959044
959047
959136
959246
959258
959288
959428
959582
959594
959724
959767
959808
960223
960313
960320
960365
960620
960757
960762
960903
960973
961427
961681
961702
961999
962323
962776
962798
963651
963717
963805
963857
964317
964498
964653
964836
964886
965107
965218
965371
965550
966337
966387
966517
966602
967184
967343
967370
967531
967657
967862
967940
968410
968514
968741
968778
969007
969053
969191
969216
969310
969393
969396
969587
969870
970000
970291
970385
970483
970603
970725
970959
971030
971280
971302
971322
971401
971407
971446
971491
971671
971996
972088
972174
972378
972489
972579
972595
972605
972679
972782
972876
972957
972992
973131
973143
973183
973267
973395
973500
973500
973531
973545
973674
973697
973706
973750
973853
973881
973997
974074
974263
974473
974489
974837
974869
975110
975197
975281
975359
975408
975474
975704
975755
976345
976368
976425
976543
976621
976782
976841
977292
977761
978233
978415
978524
978680
979007
979093
979341
979491
979609
979637
979704
979881
980254
980364
980373
980425
980720
980737
980763
980774
980892
980964
981129
981205
981227
981284
981320
981382
981386
981812
981843
982244
982245
982310
982745
982894
982961
983136
983303
983438
983580
983745
983946
984094
984138
984216
984349
984433
984446
984766
984850
984928
985052
985069
985159
985214
985338
986024
986176
986320
986426
986800
986827
986931
986941
987377
987545
987685
987744
987990
988008
988216
988288
988358
988460
988698
988704
988826
988935
988984
988990
989076
989280
989365
989615
989645
989826
989919
990153
990171
990245
990324
990552
990621
990703
990969
991102
991225
991368
991801
991914
992094
992122
992209
992276
992355
992416
992420
992422
992444
992552
992763
992822
993108
993188
993380
993399
993744
993811
993854
994115
994146
994185
994526
994592
994878
994929
995094
995214
995242
995293
995405
995468
995566
995603
995932
995965
996089
996112
996165
996290
996342
996351
996372
996643
996929
997067
997480
997548
997770
997857
997969
998038
998063
998065
998306
998344
998407
998536
998575
998699
998830
998836
998858
998863
999042
999095
999241
999318
999706
999770
999839
1000091
1000165
1000213
1000243
1000247
1000295
1000311
1000324
1000401
1000411
1000424
1000477
1000520
1000895
1000973
1001017
1001021
1001051
1001148
1001347
1001457
1001567
1001610
1001614
1001625
1001972
1001978
1002090
1002209
1002524
1002723
1002890
1002981
1003244
1003372
1003433
1003605
1003686
1004055
1004179
1004561
1004603
1004604
1004614
1004701
1004707
1004739
1004755
1004768
1004794
1004833
1004838
1004914
1005005
1005113
1005189
1005229
1005848
1005938
1006296
1006334
1006603
1006660
1006797
1006913
1007009
1007066
1007164
1007356
1007367
1007584
1007664
1007807
1007942
1007953
1008024
1008045
1008168
1008204
1008320
1008960
1009195
1009568
1009572
1009643
1009876
1009990
1010320
1010375
1010386
1010392
1010399
1010489
1010657
1010848
1010849
1010871
1010990
1011067
1011258
1011351
1011492
1011719
1012048
1012417
1012477
1012495
1012623
1012903
1012981
1013084
1013107
1013201
1013313
1013394
1013566
1013620
1013854
1013878
1014159
1014160
1014191
1014226
1014399
1014601
1014616
1014635
1014912
1015140
1015327
1015447
1015579
1015591
1015740
1015844
1015965
1016098
1016118
1016509
1016555
1016715
1016716
1016834
1016892
1016894
1017089
1017162
1017360
1017429
1017497
1017637
1017688
1018005
1018074
1018111
1018906
1018971
1019295
1019375
1019446
1019473
1019696
1019926
1020085
1020158
1020319
1020744
1020894
1020995
1021097
1021265
1021279
1021313
1021605
1021626
1021955
1022065
1022123
1022382
1022391
1022441
1022904
1023147
1023174
1023180
1023466
1023467
1023534
1023675
1023745
1023746
1024126
1024496
1024500
1024676
1024890
1024898
1025165
1025215
1025217
1025268
1025593
1025682
1025691
1025868
1026396
1026549
1026662
1026877
1026923
1026943
1026978
1027299
1027347
1027488
1027498
1027954
1028206
1028280
1028315
1028796
1028806
1028965
1029104
1029221
1029265
1029574
1029782
1029832
1029992
1030031
1030170
1030191
1030493
1030602
1030856
1030869
1030985
1031060
1031196
1031295
1031345
1031476
1031534
1031720
1031882
1032508
1032728
1032737
1032777
1032785
1032786
1032932
1033130
1033137
1033153
1033156
1033166
1033406
1033739
1033836
1033880
1033944
1033960
1034008
1034058
1034121
1034137
1034338
1034447
1034701
1034722
1034762
1034878
1034911
1034984
1035123
1035313
1035329
1035574
1035707
1035773
1035834
1035966
1036123
1036129
1036133
1036238
1036326
1036338
1037338
1037378
1037720
1037770
1038083
1038222
1038327
1038397
1038398
1038803
1039037
1039418
1039533
1039665
1039781
1039952
1039958
1040007
1040144
1040449
1040530
1040765
1040835
1040972
1041031
1041077
1041234
1041303
1041386
1041405
1041516
1041673
1041718
1041801
1041828
1041846
1042024
1042316
1042316
1042316
1042451
1042550
1042601
1042603
1042643
1042652
1042690
1042730
1042843
1042924
1043027
1043098
1043791
1044105
1044206
1044262
1044834
1044893
1044929
1044977
1045112
1045508
1045576
1045819
1046069
1046510
1046546
1046675
1046793
1047003
1047049
1047348
1047407
1047729
1048016
1048099
1048145
1048162
1048212
1048320
