16
21
27
44
65
81
83
102
104
117
129
169
182
222
236
238
246
251
257
267
318
320
336
352
354
357
378
387
404
405
420
421
475
499
502
508
534
534
535
543
551
560
561
582
584
588
597
598
671
676
690
696
703
724
727
737
755
789
791
799
803
812
822
871
892
893
902
902
933
943
954
955
962
964
977
1006
1011
1013
1025
1029
1038
1053
1060
1096
1102
1127
1145
1166
1171
1214
1229
1234
1244
1245
1265
1275
1312
1333
1337
1366
1385
1406
1434
1435
1445
1453
1493
1510
1529
1529
1572
1582
1611
1649
1676
1682
1701
1760
1761
1784
1787
1811
1816
1833
1843
1852
1898
1907
1914
1961
1997
2011
2047
2048
2066
2091
2099
2105
2118
2144
2152
2171
2178
2180
2187
2189
2201
2237
2257
2257
2269
2270
2280
2289
2322
2350
2371
2394
2432
2449
2512
2531
2548
2556
2561
2567
2643
2645
2669
2670
2700
2708
2709
2714
2727
2746
2746
2759
2760
2763
2795
2800
2831
2850
2867
2870
2876
2912
2942
2953
3000
3003
3065
3075
3086
3088
3115
3124
3132
3148
3169
3187
3190
3213
3224
3229
3236
3240
3287
3291
3304
3353
3355
3360
3391
3396
3412
3433
3446
3465
3484
3500
3542
3544
3563
3585
3590
3592
3596
3599
3604
3604
3655
3696
3707
3726
3734
3746
3758
3764
3814
3833
3834
3885
3892
3893
3907
3911
3915
3941
3989
3990
4034
4138
4156
4166
4168
4170
4171
4179
4184
4185
4194
4196
4238
4244
4259
4278
4285
4303
4359
4395
4410
4411
4414
4414
4429
4436
4444
4444
4488
4498
4499
4530
4567
4571
4586
4627
4628
4660
4664
4677
4708
4732
4741
4755
4776
4804
4805
4810
4810
4811
4822
4823
4826
4884
4910
4949
4968
4970
4991
4998
5004
5011
5058
5061
5089
5091
5139
5149
5170
5171
5174
5187
5226
5226
5237
5278
5287
5308
5328
5333
5336
5347
5351
5363
5366
5369
5379
5419
5445
5480
5483
5502
5508
5514
5520
5522
5528
5552
5588
5640
5671
5721
5748
5755
5756
5765
5820
5850
5885
5886
5908
5920
5927
5938
5941
5949
5950
5959
5969
5971
5993
6002
6008
6022
6029
6053
6077
6116
6121
6122
6135
6143
6148
6158
6190
6219
6254
6319
6321
6328
6371
6390
6395
6440
6472
6475
6557
6570
6574
6586
6602
6625
6667
6676
6690
6708
6737
6750
6751
6759
6768
6775
6783
6792
6804
6804
6810
6862
6896
6901
6912
6917
6951
6956
6967
7013
7013
7014
7038
7057
7065
7091
7096
7124
7157
7162
7177
7180
7199
7211
7253
7286
7293
7300
7301
7316
7318
7321
7326
7332
7349
7372
7397
7399
7401
7433
7487
7491
7545
7550
7609
7623
7652
7663
7679
7691
7697
7720
7728
7742
7748
7767
7775
7796
7878
7926
7968
7973
8000
8021
8041
8054
8069
8080
8094
8095
8110
8147
8155
8174
8230
8236
8247
8259
8264
8287
8290
8304
8309
8310
8315
8321
8353
8387
8391
8401
8429
8435
8440
8454
8465
8470
8477
8493
8506
8516
8525
8544
8550
8553
8560
8582
8608
8621
8641
8649
8670
8725
8725
8739
8742
8757
8762
8775
8797
8810
8812
8836
8850
8864
8895
8980
9070
9075
9077
9079
9092
9104
9108
9135
9137
9149
9169
9175
9206
9250
9261
9302
9307
9314
9333
9346
9351
9390
9397
9434
9439
9450
9463
9465
9476
9476
9485
9501
9503
9517
9539
9544
9553
9565
9569
9591
9592
9619
9622
9628
9649
9663
9689
9692
9708
9740
9769
9771
9773
9780
9789
9792
9794
9798
9826
9831
9853
9860
9873
9886
9905
9922
9959
9969
9982
9993
10001
10007
10016
10022
10037
10092
10106
10132
10133
10147
10153
10178
10195
10215
10220
10246
10267
10288
10296
10367
10379
10401
10422
10423
10428
10440
10453
10478
10487
10490
10537
10540
10546
10571
10575
10598
10612
10622
10623
10626
10680
10682
10703
10745
10750
10752
10776
10780
10788
10809
10811
10820
10821
10837
10867
10874
10890
10895
10904
10913
10925
10935
10936
10938
10959
10985
11015
11040
11065
11070
11070
11075
11078
11128
11144
11156
11172
11177
11185
11201
11205
11243
11252
11252
11255
11298
11314
11318
11328
11328
11330
11351
11388
11449
11462
11491
11498
11526
11532
11540
11547
11547
11608
11626
11632
11686
11687
11688
11720
11741
11761
11768
11811
11835
11843
11858
11896
11897
11898
11903
11906
11924
11935
11936
11937
11955
11966
11990
11992
12004
12023
12029
12052
12081
12082
12090
12099
12101
12132
12148
12162
12164
12184
12214
12219
12232
12238
12239
12267
12293
12334
12353
12353
12354
12356
12362
12365
12373
12399
12408
12430
12470
12477
12497
12499
12548
12584
12597
12607
12641
12663
12673
12678
12688
12690
12705
12713
12730
12751
12764
12768
12773
12776
12796
12800
12804
12804
12829
12835
12866
12882
12889
12907
12927
12959
12963
12971
12976
12981
12988
13006
13020
13040
13049
13089
13121
13125
13128
13163
13167
13195
13202
13227
13229
13262
13298
13313
13322
13375
13389
13394
13420
13422
13461
13503
13531
13552
13572
13586
13605
13650
13662
13694
13703
13704
13736
13739
13753
13808
13822
13823
13835
13859
13861
13921
13963
13968
13973
13977
13988
13993
14015
14016
14038
14052
14070
14082
14099
14154
14172
14202
14213
14228
14233
14245
14255
14265
14267
14279
14296
14314
14331
14338
14363
14389
14403
14417
14424
14463
14479
14499
14535
14611
14615
14644
14654
14656
14658
14658
14658
14692
14701
14721
14745
14802
14827
14862
14892
14917
14924
14942
14946
14953
14977
14982
14984
15020
15058
15072
15085
15098
15131
15174
15183
15194
15200
15235
15269
15279
15310
15315
15323
15329
15356
15392
15407
15408
15411
15416
15444
15456
15460
15464
15501
15515
15531
15547
15554
15566
15569
15618
15652
15667
15677
15691
15725
15769
15805
15820
15820
15837
15863
15872
15879
15889
15897
15911
15917
15943
15947
15951
15956
15959
15982
15983
16002
16008
16076
16077
16099
16105
16111
16158
16164
16200
16207
16238
16260
16263
16283
16287
16313
16314
16341
16351
16363
16378
16383
16385
16396
16421
16424
16435
16440
16443
16448
16452
16453
16453
16477
16494
16506
16518
16520
16521
16527
16536
16550
16555
16569
16605
16623
16628
16630
16642
16650
16651
16653
16657
16659
16695
16696
16722
16722
16741
16754
16755
16768
16769
16773
16821
16830
16858
16861
16870
16871
16917
16935
16937
16942
16943
16962
17002
17029
17029
17039
17046
17104
17110
17117
17151
17152
17156
17175
17179
17203
17251
17281
17299
17320
17354
17357
17376
17398
17399
17408
17421
17444
17460
17461
17496
17502
17510
17514
17567
17586
17627
17644
17676
17686
17732
17736
17748
17766
17769
17810
17816
17818
17818
17879
17885
17885
17902
17909
17936
17977
17979
17988
17993
18010
18016
18031
18072
18111
18130
18164
18170
18195
18212
18236
18244
18247
18266
18281
18286
18291
18307
18346
18358
18372
18376
18384
18393
18405
18436
18440
18472
18477
18483
18506
18525
18533
18558
18563
18568
18601
18603
18606
18638
18682
18695
18707
18725
18729
18788
18808
18819
18825
18826
18852
18876
18881
18882
18887
18888
18897
18910
18925
18945
18955
18964
18965
18976
18981
18987
19100
19131
19135
19139
19179
19180
19184
19189
19205
19205
19230
19231
19237
19275
19281
19281
19294
19313
19370
19410
19411
19456
19485
19489
19493
19504
19517
19517
19546
19558
19566
19571
19606
19621
19624
19643
19653
19656
19665
19677
19688
19695
19704
19711
19757
19767
19787
19788
19826
19831
19864
19877
19894
19918
19928
19930
19934
19961
19978
19988
19988
20001
20058
20088
20103
20110
20115
20118
20146
20167
20170
20178
20207
20208
20217
20236
20238
20247
20263
20267
20268
20273
20286
20316
20318
20354
20358
20368
20374
20377
20395
20405
20435
20485
20500
20500
20504
20527
20537
20539
20546
20566
20588
20602
20602
20605
20610
20616
20626
20629
20636
20651
20653
20691
20736
20737
20768
20779
20798
20802
20829
20831
20841
20847
20856
20877
20887
20916
20940
20958
20963
20977
20985
21061
21068
21072
21076
21079
21118
21120
21150
21186
21216
21222
21225
21242
21249
21289
21312
21379
21402
21403
21413
21447
21451
21460
21472
21473
21474
21481
21496
21507
21519
21520
21549
21551
21555
21573
21594
21624
21642
21654
21658
21669
21689
21691
21704
21713
21744
21755
21766
21775
21778
21787
21787
21808
21820
21826
21836
21840
21842
21851
21868
21900
21902
21915
21924
21930
21958
21974
21984
21991
22011
22020
22042
22050
22052
22060
22062
22096
22099
22106
22108
22113
22120
22145
22158
22191
22236
22236
22273
22277
22292
22328
22352
22385
22396
22451
22473
22477
22488
22500
22503
22564
22566
22599
22651
22658
22676
22680
22682
22728
22750
22762
22781
22787
22791
22802
22833
22834
22877
22895
22903
22912
22922
23009
23021
23040
23053
23091
23099
23139
23183
23187
23190
23200
23203
23207
23209
23253
23254
23276
23307
23317
23333
23386
23386
23405
23410
23413
23419
23445
23446
23465
23474
23497
23501
23505
23569
23584
23605
23607
23628
23635
23638
23643
23680
23705
23707
23714
23718
23727
23762
23762
23762
23765
23772
23772
23774
23780
23812
23832
23846
23873
23878
23901
23928
23941
23976
23978
23995
24006
24027
24029
24051
24052
24057
24069
24075
24102
24115
24123
24139
24155
24157
24174
24194
24195
24201
24252
24253
24295
24296
24298
24310
24324
24353
24366
24379
24432
24433
24438
24444
24445
24462
24534
24538
24541
24560
24567
24577
24593
24602
24637
24644
24660
24662
24668
24673
24675
24702
24733
24744
24745
24760
24768
24778
24797
24798
24802
24808
24824
24843
24868
24871
24888
24892
24935
24959
24982
24984
24988
25015
25026
25037
25065
25091
25097
25122
25122
25143
25146
25152
25196
25219
25220
25304
25314
25322
25333
25351
25378
25380
25440
25442
25466
25491
25498
25508
25508
25518
25522
25535
25548
25590
25613
25620
25631
25665
25676
25682
25691
25700
25704
25715
25735
25755
25769
25823
25841
25845
25867
25882
25882
25885
25916
25935
25941
25960
25962
25964
25971
25981
25989
25998
26013
26032
26034
26064
26099
26103
26109
26125
26148
26154
26158
26197
26207
26228
26230
26245
26273
26285
26304
26317
26323
26323
26367
26382
26414
26416
26420
26436
26447
26488
26500
26505
26523
26564
26592
26623
26658
26659
26667
26671
26673
26693
26695
26710
26722
26723
26731
26744
26758
26758
26762
26769
26776
26788
26831
26832
26846
26856
26860
26860
26877
26885
26910
26922
26945
26971
26972
26979
27021
27022
27043
27076
27077
27099
27102
27136
27148
27181
27182
27226
27242
27283
27283
27303
27307
27315
27317
27326
27333
27340
27347
27368
27372
27407
27412
27469
27480
27491
27505
27513
27535
27535
27535
27553
27574
27590
27599
27602
27613
27621
27633
27635
27643
27661
27665
27683
27683
27720
27741
27757
27862
27883
27923
27973
27975
27976
27992
28011
28015
28039
28061
28062
28066
28097
28114
28127
28140
28160
28173
28202
28202
28212
28215
28227
28249
28278
28289
28294
28297
28332
28333
28347
28375
28379
28404
28405
28440
28448
28462
28466
28480
28482
28502
28533
28537
28539
28544
28551
28559
28584
28584
28605
28609
28675
28677
28680
28747
28781
28794
28797
28810
28824
28839
28845
28852
28864
28891
28914
28933
28938
28939
28939
28941
28991
29001
29005
29005
29033
29060
29087
29098
29130
29157
29171
29179
29185
29209
29230
29253
29270
29313
29371
29400
29402
29442
29464
29474
29522
29563
29567
29602
29612
29612
29628
29636
29650
29715
29717
29726
29733
29742
29747
29772
29777
29781
29808
29814
29836
29850
29901
29917
29918
29939
29941
30014
30053
30070
30107
30147
30152
30169
30182
30191
30193
30229
30233
30244
30255
30276
30277
30335
30353
30376
30399
30403
30403
30413
30424
30428
30436
30453
30504
30513
30557
30566
30585
30614
30619
30627
30633
30634
30663
30686
30713
30723
30730
30734
30764
30770
30778
30800
30839
30856
30882
30884
30888
30915
30955
30969
30985
31003
31021
31024
31045
31048
31060
31080
31084
31099
31122
31130
31140
31148
31167
31181
31183
31185
31230
31235
31246
31251
31255
31277
31278
31297
31305
31326
31331
31332
31333
31374
31402
31405
31405
31416
31457
31471
31496
31497
31508
31509
31526
31591
31599
31600
31622
31638
31643
31650
31666
31677
31677
31686
31686
31790
31878
31881
31901
31913
31920
31947
31970
31983
31992
31994
32002
32016
32076
32086
32089
32098
32099
32103
32176
32194
32255
32266
32271
32285
32291
32312
32338
32347
32351
32357
32387
32406
32416
32423
32424
32437
32448
32458
32483
32484
32488
32514
32538
32544
32567
32581
32582
32584
32595
32607
32608
32615
32649
32670
32674
32698
32736
32738
32758
