1053
4836
5607
5774
6312
7258
8192
8406
11405
11441
12431
14331
15295
17588
18013
18568
19557
23565
23797
24021
25488
27008
28082
28190
28880
29443
29884
30109
31590
31679
31977
32340
33506
35365
35423
37345
37841
38180
39375
40513
40995
41756
41990
44531
45174
45629
45777
48600
49970
51243
51343
51740
51919
52410
53058
53343
53689
54647
55685
56116
59741
59752
59940
61691
62330
62656
63255
63558
64497
64842
65573
65698
66636
68321
71339
72320
73863
73984
74786
75225
76183
76752
77324
78074
80992
82762
84001
87539
87679
95286
96108
97344
100184
100585
100898
101563
104303
105200
108175
109466
110043
111294
113081
113710
113782
113818
114027
114125
114886
115670
115725
117863
118787
119082
120489
120852
123240
124043
124742
125603
127377
128015
128121
129486
133283
133562
133682
134479
139852
142141
142803
142962
142997
146897
146955
147603
149086
149499
150218
150609
152004
152208
152850
153022
154354
154411
154858
155037
155161
155231
155293
156039
156181
156608
159324
160196
160988
164238
166207
167011
167296
168792
169386
170204
170524
170922
171255
171637
172540
174022
174441
176749
177651
177668
179736
181595
182332
183638
186516
188543
188856
189880
191365
193819
194180
195151
195586
197484
198438
198544
198728
198755
199471
199825
201911
203689
205145
205599
207124
207540
209461
210768
213256
213516
213547
213600
216467
217462
220846
221007
222028
223792
224122
225203
225661
226866
227260
227415
229959
231325
231331
231850
232859
233891
234180
236572
236697
237707
238357
238639
238896
239628
239933
240115
240831
242138
242474
243370
248590
249085
249202
249302
256822
257932
260299
261119
262075
262099
262241
262311
262765
264262
264665
265107
265207
265950
266223
266828
268718
270272
271660
273836
274524
275503
276425
276911
277589
279819
279975
282070
282089
283309
283754
284033
284449
284631
286190
286776
286834
288524
290237
290473
291412
291606
293496
294489
295650
295849
296936
297525
299411
300568
300936
303227
305285
305399
305750
306986
309674
309879
310377
311424
311782
311918
312082
312605
314471
316810
316853
317201
318632
320872
321226
321273
321329
324281
324610
324927
325469
325717
326524
327750
329328
333744
335292
335641
335849
337471
339300
339751
340854
341791
344402
344888
344942
345472
346789
347023
348572
348878
349577
350159
350812
351876
353999
355140
356026
356284
357124
357500
357770
360343
362791
362921
363965
364073
366636
367204
367327
367834
367895
368030
368397
370745
371278
372681
372694
373191
373666
374985
381582
381997
384332
385150
385568
386226
386474
390338
391445
392242
392406
394007
396409
396809
398162
398983
400692
401173
403191
403556
403651
404008
405266
407585
408621
409608
409680
409983
410754
411693
413931
415213
415562
418671
419490
420083
420462
420487
422712
425191
425536
425637
427019
427602
427777
430113
431046
431631
431982
434553
435029
435102
436723
436942
438296
438760
440486
441286
442840
444045
445006
446062
446117
447790
449132
450116
451129
451373
451485
451539
452269
452512
452778
456392
458578
462020
463476
464026
464165
465115
466082
466355
466481
468473
468665
470429
471322
472140
475205
475737
476505
477339
478136
479144
480386
481779
482100
484005
484402
486136
487529
487856
488292
488549
490611
491610
492280
492387
492944
495097
495209
496295
496604
498436
500136
500313
501282
502986
503218
503506
503770
505494
508093
508314
509586
510830
511569
513354
513467
513986
514117
514323
515763
515797
518388
519153
521430
524179
524697
528902
529368
529737
531888
532105
532252
532622
533035
533828
535075
535503
535896
540991
542744
545485
545955
548376
548691
549179
550096
550687
552844
554149
555350
555704
555784
556334
557215
559715
559809
561349
564178
564532
565346
566469
567893
568319
568688
569170
569278
569619
571197
571210
571823
571992
572206
572372
573916
575491
577123
577951
578106
581235
581936
583330
584435
584491
585562
586792
588517
588662
590010
593750
593883
595443
595550
598061
598725
601003
601364
602004
602258
604762
604802
606745
606920
607048
608396
609722
610437
610830
611665
612867
613718
614363
614439
614730
615869
616194
617138
617234
619365
619432
619885
620932
621257
623336
623951
625159
625685
625794
627701
628355
628661
629987
631378
632091
634616
634726
639533
640376
642127
642237
642437
643972
644293
644633
645270
647432
647919
648925
649930
650044
650809
652537
652845
655824
657081
662014
662386
662696
667101
667635
667641
667760
668131
668245
668697
668858
668927
669425
671424
673044
673893
674031
674457
674746
676131
678634
679169
679312
679638
681681
681937
682261
686984
687036
687400
687805
688535
688601
693676
693743
695420
695454
696005
696011
696795
697297
697764
701230
703292
705487
706403
707144
707650
707775
709158
710359
711167
711222
711410
711698
713189
718717
719403
721154
721626
723583
725061
726144
727422
728819
729729
730229
732574
734157
734199
735783
737148
737382
737795
738607
741048
741742
742351
742406
744404
745607
746559
748252
751954
752009
753590
753948
754185
754573
756629
756737
758778
759428
759636
759758
760152
760412
761203
761229
761403
762579
764328
764677
764932
765170
765462
766872
771720
772114
778732
778795
780134
780318
781902
782031
782846
782857
783018
783179
784213
785086
786762
787432
787788
788547
789207
790476
790657
793096
798041
798206
800678
800746
802492
802752
802756
803340
804853
805290
805311
806093
807327
808970
809723
811633
811686
811732
811985
814116
814205
816204
818173
819545
820083
822750
823007
823926
824738
825253
827909
829058
829791
829871
830880
832162
832925
833313
833913
835554
836410
837684
838162
838217
838465
839852
840537
841465
842939
843137
843550
848637
850088
850681
850928
851369
852976
855434
855944
856276
856842
856909
857592
857950
858089
859297
862943
864051
867161
870108
870559
870743
871428
871560
872455
873131
874210
876753
878149
878327
879341
880560
881372
881433
882393
882977
883607
884431
884462
884608
886434
886973
887497
888414
889454
889945
892889
894530
894540
897755
898215
898260
898935
899268
899963
900135
901522
902208
902731
903289
904404
904577
905652
905982
906413
906430
907218
908476
909803
911930
913296
913918
914639
915250
915611
916141
917826
918493
920110
921557
921637
922314
922478
923742
923910
927291
927312
927550
927719
928951
930406
930489
930725
934742
936218
936541
937585
937607
939001
942303
945942
945949
947770
950722
952815
954221
954236
954511
954552
956191
956527
956542
956796
957292
959582
959808
960313
960365
966337
969191
970603
972378
972782
973183
973395
973500
975704
975755
978524
982244
982245
983438
983946
984216
984433
987377
988008
988288
988990
989280
989615
990153
990324
991225
991368
992822
993399
994526
994592
995468
996372
999318
999770
1000311
1000424
1000520
1000895
1001625
1003605
1004179
1004755
1007953
1008320
1010657
1010871
1012903
1014159
1014399
1014616
1015140
1016715
1017162
1019926
1021626
1022441
1022904
1023147
1023745
1023746
1024898
1025165
1025682
1026396
1026877
1026978
1027954
1029221
1029992
1030191
1030493
1031476
1031882
1032728
1034338
1034701
1034722
1034762
1035313
1035707
1038222
1039037
1041077
1041673
1042643
1042652
1044105
1046510
1048212
