65
182
551
561
676
893
1445
1852
2270
4138
4278
4811
4823
5369
5483
5522
5756
5850
5920
6053
6570
6574
7091
7326
7491
7609
7775
8264
8290
8310
8550
9075
9206
9569
9853
10422
10487
10680
10935
10936
11252
11547
11720
12548
12981
13128
13229
13298
13572
13605
13650
14233
14255
14331
14701
14827
15444
15652
15725
16351
16424
16628
16651
16695
16769
17029
17444
17732
17810
18372
18506
18533
18876
18976
19100
19135
19566
19864
19928
19961
20217
20273
20405
20847
20887
21150
21755
21991
22050
22385
22787
22802
22877
22922
23183
23200
23680
23901
24295
24324
24538
24560
24744
25491
25981
25998
26032
26103
26731
26860
26860
27136
27307
27599
27683
28062
28502
28810
28891
29313
29400
29941
30335
30800
31130
32002
32285
32567
