5447
7129
13762
27657
39060
52187
52637
54803
62332
64015
66190
68986
70337
74652
81864
82015
82173
82908
89249
95494
96986
97091
98083
110687
111868
114767
115844
131302
134718
138590
141855
146787
151334
153025
162016
169673
169675
171038
172565
180454
181256
191902
195907
197218
205087
206674
214195
214913
218268
222738
224264
226542
231367
238360
240566
245600
245969
250974
260709
263780
267818
269395
275384
285445
286419
287868
289095
289680
291389
291655
295899
304556
304754
307198
313198
319918
321440
328016
338351
352100
357446
358152
361175
361954
365425
369928
371483
374546
375206
379857
382731
391702
392067
392479
399511
399889
400093
407955
411795
421938
434679
438188
442965
447523
464740
467075
487875
488543
493232
493862
493977
498637
502551
512513
515191
521146
521450
525273
527638
538108
538407
542571
547383
550444
552332
557341
557367
558462
558590
565164
570500
572090
572646
577833
578947
578978
584210
584275
585217
590439
593866
595606
599406
602045
607888
610796
612571
621542
622162
623127
624570
628251
639514
642320
644040
650958
659452
661450
677977
678615
682244
685822
693155
693392
706795
710458
710586
712832
713915
719934
722856
726384
731149
732926
733210
734169
736576
738687
740336
745868
747847
749101
755623
756782
759126
759838
760988
762885
767471
770055
771957
786314
788759
790496
793336
799727
810766
811763
813043
814819
814953
823800
827802
829300
829456
832577
842923
843548
848454
855712
856489
864271
879639
887817
891740
892364
895348
895718
897451
897589
905498
916528
918213
918568
921113
921929
922271
922444
927210
933825
940596
942181
950018
955809
959463
961286
964014
971422
972308
976836
981901
993887
995268
998526
1003181
1006521
1007947
1010594
1015566
1021807
1028904
1030415
1034777
1038361
1042382
1042805
